Line No:	Host Time:	Qemu Time:	Difference:
86		106336.0		3.884780e+05		265.3306500150467
89		1304.0		6.606000e+03		406.5950920245399
90		3548.0		1.045600e+04		194.7012401352875
92-95		3585146.0		2.272850e+07		533.9630240999949
98		545757800.0		3.896214e+09		613.9089903983049
Line No:	Host Time:	Qemu Time:	Difference:
86		112722.0		3.818842e+05		238.78408828800056
89		1434.0		6.202000e+03		332.4965132496513
90		4898.0		9.150000e+03		86.81094324213964
92-95		3643256.0		2.331734e+07		540.0137679043141
98		542505400.0		3.913716e+09		621.4151232411696
Line No:	Host Time:	Qemu Time:	Difference:
86		107426.0		3.831902e+05		256.70154338800666
89		1390.0		6.476000e+03		365.8992805755396
90		3538.0		1.053800e+04		197.85189372526852
92-95		3785716.0		2.338586e+07		517.7394183821501
98		542802600.0		3.910674e+09		620.4597030301624
Line No:	Host Time:	Qemu Time:	Difference:
86		108544.2		3.894480e+05		258.7920865417038
89		1316.0		6.834000e+03		419.3009118541034
90		3684.0		1.152200e+04		212.75787187839305
92-95		3589746.0		2.308098e+07		542.9697254346129
98		539867000.0		3.908686e+09		624.009061491071
Line No:	Host Time:	Qemu Time:	Difference:
86		105504.0		3.782320e+05		258.5001516530179
89		1110.0		4.888000e+03		340.36036036036035
90		2886.0		6.564000e+03		127.44282744282745
92-95		3715236.0		2.272838e+07		511.76140627405636
98		544812600.0		3.921212e+09		619.7359238754757
