1460 30 900 340 20 20 20 20 20 1500 850 30 20 20 30 20 30 30 20 30 30 30 20 20 20 30 
100 20 80 40 20 20 20 20 20 70 60 20 20 20 20 20 20 20 20 20 20 20 20 20 20 20 
40 20 30 20 20 30 20 30 20 40 30 20 20 20 20 20 30 20 20 20 30 20 20 20 30 20 
30 20 30 20 20 30 20 20 20 40 30 20 20 20 20 20 20 20 20 20 20 20 20 20 20 20 
40 20 30 20 20 20 20 20 20 40 30 20 20 20 20 20 20 20 20 20 20 20 20 20 20 20 
30 20 20 30 20 20 20 20 20 30 30 20 20 30 20 20 20 20 20 20 30 20 20 20 20 30 
30 20 30 20 20 20 20 30 20 40 30 20 20 20 20 20 20 30 20 20 20 20 20 20 20 20 
20 20 30 30 20 20 30 20 20 30 20 20 20 20 20 30 20 20 20 30 20 20 20 30 30 20 
30 20 30 30 20 20 20 20 20 40 30 20 20 20 20 20 30 20 20 20 20 20 20 20 20 20 
30 30 30 20 20 20 20 20 20 40 30 20 20 20 20 20 20 20 20 20 20 20 30 20 20 20 
30 20 30 20 20 20 20 30 20 40 30 20 30 20 30 20 20 20 20 30 20 20 20 20 20 20 
30 20 30 20 20 20 20 30 20 40 30 30 30 20 20 30 20 20 20 20 20 20 20 20 20 20 
30 20 20 20 20 20 20 20 20 30 30 20 20 20 30 20 20 20 20 20 20 20 20 20 20 20 
30 20 30 30 30 20 20 20 20 40 30 20 20 20 20 20 20 20 20 30 20 20 20 20 20 20 
30 20 30 20 20 20 20 20 30 30 30 20 20 20 20 20 20 20 20 20 20 20 20 20 20 20 
30 20 30 30 20 20 20 30 20 40 20 20 30 20 20 20 20 20 20 30 20 20 30 20 20 20 
30 20 30 20 20 20 30 20 20 40 30 20 20 20 20 20 20 20 20 20 20 20 20 20 20 20 
30 20 20 30 20 20 20 20 20 40 30 20 20 20 20 20 20 20 20 20 20 20 20 20 30 20 
30 20 30 20 20 20 20 20 20 40 20 20 20 20 20 20 20 20 20 20 30 20 20 30 20 20 
40 20 30 20 20 20 20 20 20 30 30 20 20 20 20 20 20 20 20 20 20 20 20 20 20 20 
40 20 30 20 20 20 30 20 20 40 30 20 20 20 20 30 30 20 30 20 20 20 20 20 20 30 
30 20 30 20 20 20 20 20 30 40 30 20 20 20 20 20 20 20 20 30 20 20 20 30 20 20 
20 20 30 20 20 20 20 20 20 40 30 30 20 20 20 20 20 20 20 20 20 20 20 20 20 20 
20 20 30 20 20 30 20 30 30 30 30 30 20 20 20 20 30 20 20 20 20 20 20 20 30 20 
30 20 30 30 20 20 20 20 20 40 30 20 20 20 20 30 20 30 20 20 20 20 20 20 20 20 
30 20 20 20 20 20 20 20 20 40 30 20 20 20 20 20 20 20 20 20 20 20 20 20 20 20 
30 20 30 20 20 20 20 20 30 40 20 20 20 30 20 20 20 20 20 20 20 20 20 20 20 20 
30 20 30 20 20 20 20 20 20 40 20 30 20 20 20 20 30 20 30 20 20 30 20 20 20 20 
30 20 30 30 20 20 30 20 20 40 30 20 20 20 20 30 20 20 20 20 20 20 20 20 20 20 
30 20 20 20 20 20 20 20 20 40 30 30 20 30 20 20 20 20 20 20 20 30 30 20 20 20 
30 20 30 20 20 20 20 20 20 40 30 20 20 30 20 20 20 30 20 20 20 20 20 20 20 20 
40 20 30 30 20 20 20 30 20 40 30 30 20 20 20 20 20 20 20 30 20 20 20 20 20 20 
30 20 30 20 20 20 20 20 20 30 30 20 20 20 20 20 20 20 20 30 20 20 20 20 20 20 
30 20 30 30 20 30 20 20 20 40 30 20 20 20 20 20 30 20 20 30 20 20 20 20 20 20 
30 30 30 20 20 20 20 20 20 40 30 20 20 20 20 20 30 20 20 20 20 20 20 20 20 20 
30 30 30 20 20 20 20 20 20 30 30 20 20 20 20 20 20 20 20 20 20 20 20 20 20 20 
30 20 30 20 20 20 20 20 20 40 30 20 30 20 20 30 20 30 20 20 20 20 20 20 20 20 
40 20 30 20 20 20 30 20 20 40 30 20 20 20 20 20 20 20 20 20 20 20 30 20 20 30 
30 20 30 20 20 20 20 20 20 30 30 20 20 20 30 20 20 20 20 20 20 20 20 20 20 20 
30 20 30 30 20 20 20 20 20 40 30 20 20 20 20 20 20 30 20 20 20 20 20 20 20 20 
40 20 30 20 20 20 20 20 20 30 30 20 30 20 20 20 20 20 20 20 20 30 20 20 20 20 
30 20 30 20 30 20 20 20 20 30 30 20 20 20 20 20 20 20 20 20 20 20 20 20 20 20 
30 20 30 20 20 20 20 20 30 30 30 20 20 20 20 20 20 20 20 20 20 20 20 20 30 20 
40 20 30 20 30 20 20 20 20 30 30 20 20 20 20 20 30 20 20 20 20 20 20 20 30 20 
30 20 30 20 30 20 20 20 20 30 30 20 20 20 20 20 20 20 20 20 20 20 20 20 20 20 
20 20 20 20 20 20 20 20 20 40 30 20 20 30 20 20 20 20 20 20 20 20 20 20 20 20 
30 20 30 20 30 20 20 20 20 30 30 20 20 20 20 20 20 20 20 20 30 20 20 30 20 20 
20 20 30 20 20 20 20 30 20 40 30 30 20 20 20 30 20 20 20 20 20 20 20 20 20 20 
40 20 30 20 20 20 20 20 20 40 30 20 30 30 20 20 20 30 20 20 20 30 20 20 20 20 
30 30 30 20 20 20 20 20 20 40 30 20 20 20 20 20 20 20 20 20 30 20 20 20 20 20 
30 20 30 30 20 30 20 20 20 40 30 20 20 20 20 20 20 20 20 20 20 30 20 30 20 20 
40 20 20 20 20 20 20 20 20 40 30 20 20 20 20 20 20 30 20 20 20 20 20 20 20 20 
40 20 30 20 20 20 20 20 20 40 30 20 20 20 30 20 20 20 20 20 20 20 20 20 30 20 
20 20 30 20 20 20 20 20 20 40 30 20 30 20 20 20 20 20 20 20 20 20 20 20 20 20 
30 20 20 30 20 20 20 20 20 40 30 20 20 20 20 20 20 20 20 20 20 20 20 20 20 20 
30 20 20 20 20 20 20 30 20 40 30 20 20 20 20 20 20 30 20 20 20 20 30 20 20 30 
30 20 20 20 20 20 20 30 20 40 20 20 20 20 20 20 20 20 20 20 30 20 20 20 20 20 
30 30 30 20 20 20 20 20 20 30 30 20 30 20 20 20 20 20 20 20 20 20 20 20 20 20 
30 20 30 30 20 20 20 20 30 30 20 20 30 20 20 20 20 30 20 20 20 30 20 20 20 20 
30 20 30 20 20 20 20 20 20 40 20 20 20 30 20 20 20 20 20 20 20 20 20 20 30 20 
30 20 30 20 20 20 20 20 20 40 30 20 20 20 30 20 30 20 20 20 20 20 20 20 20 20 
40 20 30 20 20 20 20 20 20 40 20 20 20 20 20 20 20 20 20 30 20 30 20 20 20 20 
30 20 20 20 20 20 20 20 20 40 30 20 20 20 20 20 20 20 20 20 20 20 20 20 20 20 
30 20 30 20 20 20 20 20 20 40 30 20 20 20 20 20 20 20 30 20 20 20 20 20 30 20 
30 20 30 20 20 20 20 20 20 40 20 20 20 20 20 20 20 20 20 20 30 20 20 20 20 20 
30 20 30 20 20 20 20 20 20 40 20 20 20 20 20 20 20 20 20 20 20 20 20 30 30 20 
30 20 30 30 20 20 30 20 20 40 30 20 30 20 20 20 20 20 30 20 30 20 20 20 20 20 
30 20 30 20 20 20 20 20 20 40 30 20 20 20 20 30 20 20 20 20 20 20 20 20 20 20 
30 20 30 20 20 20 20 20 20 30 30 20 30 20 20 20 20 30 20 20 20 20 20 20 20 20 
30 20 20 30 20 20 20 20 20 40 30 20 20 20 20 20 20 30 20 30 20 20 20 20 20 20 
30 20 30 20 20 20 20 20 20 40 30 20 20 20 20 20 20 30 20 20 20 20 20 20 20 20 
30 20 30 30 20 20 20 20 20 30 30 20 20 30 20 20 20 20 20 20 20 20 20 20 20 20 
30 20 30 20 20 20 20 20 30 30 30 20 20 20 20 20 20 20 20 20 20 20 20 20 20 20 
20 20 30 20 30 20 20 20 20 30 20 30 20 20 30 20 20 20 20 20 20 20 20 20 20 20 
30 30 30 20 20 20 20 20 20 40 30 20 20 20 20 20 20 20 20 20 20 20 20 20 20 20 
20 20 30 20 20 20 20 20 20 30 30 20 20 20 20 20 20 20 20 20 20 20 20 20 20 20 
40 20 30 30 20 30 20 20 20 40 30 20 20 20 20 20 20 20 20 20 20 20 20 30 20 20 
30 30 20 20 30 20 20 20 20 30 30 20 20 20 20 20 20 20 20 20 20 20 20 20 20 20 
30 20 30 30 20 20 20 20 20 30 30 20 20 20 30 20 20 20 20 30 20 20 20 20 20 30 
30 20 30 20 30 20 20 20 30 30 30 20 20 20 20 20 30 20 30 20 20 20 20 20 20 20 
30 20 30 20 30 20 20 20 30 30 20 30 20 20 20 20 20 20 20 20 20 20 20 20 20 20 
30 20 30 20 20 20 20 20 20 40 30 20 20 20 20 20 20 20 20 20 20 20 30 20 20 20 
30 20 30 20 20 20 20 30 20 30 30 20 20 20 20 20 30 20 20 20 20 20 20 20 20 20 
30 20 20 20 30 20 20 20 30 30 30 20 20 30 20 20 20 20 30 20 20 20 20 20 20 20 
30 20 30 20 20 20 20 20 20 40 20 20 20 20 30 20 20 20 20 20 20 20 20 20 20 30 
30 30 30 20 20 20 30 20 20 40 30 20 20 20 20 30 20 20 20 20 20 20 20 20 20 20 
30 20 30 20 20 20 20 20 30 30 30 20 20 20 20 20 20 20 20 20 20 20 20 20 20 20 
30 20 30 20 20 20 20 30 20 30 30 20 20 20 20 20 20 20 20 20 20 30 20 30 20 20 
30 30 30 20 20 20 20 20 20 40 30 20 30 20 30 20 20 30 20 30 20 20 20 20 30 20 
20 20 30 20 20 20 20 20 30 30 30 20 20 20 20 20 20 20 20 20 20 20 20 20 20 20 
20 20 30 20 30 20 20 20 30 30 30 20 20 30 20 20 20 20 20 20 30 20 20 20 20 20 
30 20 30 20 20 20 30 20 20 40 30 20 20 20 20 20 20 20 20 20 20 20 20 20 20 20 
30 20 30 20 20 20 20 20 20 40 30 30 20 20 20 20 20 20 20 20 30 20 20 20 20 20 
30 20 30 20 20 20 20 30 20 30 30 20 20 20 20 20 20 20 20 20 20 20 20 20 20 20 
30 20 20 30 20 30 20 20 20 40 30 20 20 20 20 20 20 20 20 20 20 20 30 20 20 20 
30 20 30 30 20 20 20 30 20 40 30 20 20 20 20 20 20 20 20 20 20 20 20 20 20 20 
30 20 30 20 30 20 20 20 20 30 30 20 20 20 20 20 30 20 20 20 30 20 20 20 20 20 
30 20 30 20 20 20 20 30 20 40 30 20 20 20 20 20 30 20 20 20 20 20 20 20 20 20 
30 20 30 20 20 20 20 20 20 40 30 20 20 20 20 20 20 30 20 30 20 20 20 20 20 20 
30 30 30 20 20 20 20 20 20 30 30 30 20 20 20 30 20 20 20 20 20 20 20 20 30 20 
30 20 30 20 30 20 20 20 30 30 30 20 20 20 20 20 20 20 20 20 20 30 20 20 30 20 
30 20 20 20 20 20 20 20 20 40 30 20 20 20 20 20 20 20 20 20 30 20 20 20 20 20 
30 20 30 20 20 20 20 30 20 30 30 20 20 20 20 20 20 20 20 20 20 20 20 20 30 20 
20 20 30 30 20 20 20 20 30 30 30 20 20 20 20 20 20 20 20 30 20 20 20 20 20 30 
30 20 30 20 20 20 20 20 20 40 30 30 20 20 20 20 20 20 20 20 20 20 20 20 20 20 
30 20 30 20 20 20 20 20 20 40 30 20 20 20 20 20 20 20 20 20 20 30 20 20 20 20 
30 20 30 20 20 20 20 20 20 40 30 20 20 20 20 20 20 20 20 30 20 20 20 20 20 20 
50 20 20 30 20 20 20 30 20 30 30 20 20 20 20 20 20 20 20 20 30 20 20 20 20 20 
30 20 30 20 20 20 20 20 20 30 30 20 20 20 20 20 20 20 20 20 20 20 30 20 20 30 
20 20 20 20 20 20 20 30 20 30 20 20 20 30 20 20 20 20 20 20 20 20 20 20 20 20 
30 20 30 20 20 20 20 20 20 40 30 20 20 20 20 20 20 20 20 20 20 20 20 20 20 20 
20 20 20 20 20 20 20 20 20 30 30 20 20 20 20 20 20 20 20 20 30 20 20 20 20 20 
30 20 30 30 20 20 20 20 20 40 30 20 20 20 30 20 20 20 20 30 20 20 30 20 20 20 
30 20 30 20 20 20 20 20 30 30 20 20 20 30 20 20 20 20 20 20 30 20 30 20 20 20 
20 20 20 20 20 30 20 20 20 40 20 20 20 30 20 20 20 20 20 20 20 20 20 20 20 20 
40 20 20 20 20 20 20 20 20 40 20 20 30 20 20 20 20 20 20 20 20 20 20 20 20 20 
30 20 30 20 20 20 20 20 20 30 30 20 20 20 20 30 20 20 20 20 20 20 20 20 20 20 
20 20 30 20 20 20 20 20 20 40 30 20 20 20 20 20 20 20 20 20 20 20 30 20 20 20 
30 30 30 30 20 30 20 30 30 30 20 20 20 20 20 20 20 20 20 20 20 20 20 20 20 20 
30 20 30 20 20 20 20 20 20 40 30 20 30 30 20 20 20 20 20 30 20 20 20 20 20 20 
30 20 30 20 30 20 20 20 20 30 30 20 20 20 30 20 20 20 20 30 20 20 20 20 30 20 
30 20 30 20 30 20 20 30 20 30 20 20 30 30 20 20 20 20 20 20 20 20 20 20 20 20 
30 30 30 20 20 20 30 20 20 40 20 20 20 20 30 20 20 30 20 20 20 20 20 20 20 20 
40 20 30 20 20 20 20 20 20 30 30 20 20 20 20 20 20 20 20 20 20 20 20 30 20 20 
30 20 30 20 20 20 20 20 20 30 30 20 20 20 30 20 30 20 20 20 20 20 20 20 20 20 
30 20 20 30 20 20 20 20 20 30 20 20 20 20 20 20 20 20 20 20 30 20 20 20 20 20 
30 30 30 20 20 20 20 20 20 40 30 20 20 20 20 20 20 20 20 20 20 20 20 20 20 30 
20 20 30 20 20 20 20 20 20 40 20 20 20 20 20 20 20 30 30 30 20 20 20 20 30 20 
30 20 20 30 20 20 20 20 20 40 30 30 20 20 20 20 20 20 20 20 20 20 20 20 20 20 
30 20 20 30 20 20 30 20 20 40 20 20 20 20 20 20 20 20 30 30 20 20 20 20 20 20 
30 20 30 30 20 20 30 20 20 40 30 20 20 20 20 20 20 20 20 20 20 20 20 20 20 20 
40 20 30 20 20 20 20 20 20 30 30 20 20 20 20 20 30 20 20 20 20 20 20 20 20 20 
30 20 30 20 20 20 20 20 20 30 30 20 20 20 30 20 30 20 20 20 20 20 20 20 20 20 
30 20 20 20 20 20 30 20 20 40 30 20 20 20 20 20 20 20 20 20 20 20 20 20 30 20 
30 20 30 20 20 30 20 20 20 40 20 20 20 20 20 20 20 20 20 20 20 20 20 20 20 20 
30 20 20 30 20 20 20 20 20 40 30 20 20 20 20 20 20 20 20 20 20 20 20 20 20 20 
30 30 30 20 20 20 20 20 20 30 30 20 20 20 20 20 20 20 20 20 20 20 20 20 20 20 
30 30 30 20 20 20 20 20 20 40 30 20 20 30 20 20 20 20 20 20 20 20 20 30 20 20 
30 20 30 20 20 20 20 20 20 30 20 20 30 20 20 20 20 20 20 20 20 20 20 20 20 20 
50 20 30 20 20 20 20 20 20 40 30 20 20 20 20 30 20 20 20 20 30 20 20 20 20 20 
20 20 20 20 20 30 20 20 20 40 30 20 20 20 30 20 30 20 20 20 20 20 20 20 30 20 
30 30 30 20 20 20 20 20 20 30 30 20 20 20 20 20 20 20 20 20 20 20 20 20 20 20 
30 20 20 20 20 20 20 20 20 40 30 20 20 20 20 20 20 20 20 20 20 20 20 20 20 20 
30 20 20 30 20 20 20 20 20 40 30 20 20 20 20 20 20 20 20 20 20 20 20 20 20 20 
30 20 20 20 20 20 20 20 20 40 30 20 20 20 20 20 20 20 20 20 20 20 20 20 20 20 
30 20 30 20 20 20 20 20 20 40 30 20 20 20 20 20 20 20 20 20 30 20 20 20 20 20 
20 20 30 20 20 20 30 20 20 30 30 20 20 20 20 20 20 30 20 20 20 20 20 20 20 20 
40 20 30 20 20 20 20 20 20 40 30 30 20 20 20 20 30 20 20 20 20 20 20 20 20 20 
30 20 30 20 20 20 20 20 20 30 30 20 20 20 20 20 20 20 20 20 20 20 20 20 30 20 
20 20 20 20 20 20 20 20 20 40 30 20 20 20 20 20 30 20 20 20 20 30 20 30 20 20 
30 20 20 30 20 20 20 20 20 40 30 30 20 20 30 20 20 20 20 20 20 20 20 20 20 20 
30 20 30 20 20 20 20 20 20 30 30 20 20 20 20 20 20 20 20 20 20 20 20 20 20 20 
20 20 20 20 20 30 20 20 20 40 30 30 20 20 20 20 20 20 20 20 20 20 30 20 20 20 
20 20 30 20 30 20 20 20 30 30 30 20 20 20 20 20 20 20 20 20 20 20 20 30 20 20 
30 20 30 20 20 20 20 20 20 40 20 20 20 20 20 30 20 20 20 20 20 30 20 20 20 20 
40 20 30 20 20 20 20 30 30 30 20 20 20 20 20 20 30 20 20 20 20 20 20 20 20 20 
40 20 30 20 30 20 20 20 20 40 30 30 20 20 20 20 20 20 30 20 30 20 20 20 20 30 
20 20 30 20 20 20 20 20 30 30 30 30 20 20 20 20 20 20 20 20 20 20 20 20 20 20 
30 20 30 20 20 20 20 20 20 40 30 20 20 20 20 20 20 20 20 20 20 20 20 20 20 20 
30 20 30 20 20 20 20 20 20 30 30 20 20 20 20 20 20 20 20 30 20 20 20 20 20 20 
30 20 30 20 20 20 20 20 20 40 30 20 20 20 20 20 20 20 20 20 20 20 20 20 20 20 
30 20 20 20 30 20 20 20 30 40 30 20 20 20 20 20 20 20 20 20 20 20 20 20 20 20 
30 20 30 20 20 20 20 20 20 40 30 20 30 20 20 20 20 20 20 20 20 20 20 30 20 20 
40 30 30 20 20 20 20 20 20 40 30 20 20 20 20 20 20 20 20 30 20 20 20 20 20 20 
30 20 30 20 30 30 20 20 30 40 30 20 20 20 20 20 20 20 20 30 20 20 20 20 20 20 
20 20 30 20 20 30 20 20 20 30 20 20 20 20 20 30 30 30 20 20 20 20 20 20 30 20 
30 20 30 20 20 20 20 20 20 30 30 20 20 20 20 20 20 20 20 30 20 20 20 20 20 20 
30 20 30 20 20 20 20 20 20 39 30 30 20 20 20 30 20 20 20 20 20 20 20 20 20 20 
30 20 30 30 20 20 20 20 20 40 30 20 20 20 20 20 20 20 20 20 20 20 20 20 20 20 
30 20 20 20 20 20 20 20 20 30 30 20 20 20 20 20 20 20 30 20 20 20 20 20 20 20 
30 20 30 20 20 30 20 20 20 40 30 20 20 20 20 20 20 20 20 20 20 20 20 20 20 20 
40 20 30 20 20 30 20 20 20 40 30 20 20 20 20 20 20 20 20 30 20 20 20 20 20 20 
30 20 30 30 20 20 20 20 20 40 30 20 30 20 20 20 20 20 20 30 20 20 20 20 20 20 
30 20 30 30 20 20 20 20 20 40 30 20 20 20 20 20 20 20 20 20 20 20 20 20 20 20 
30 20 30 30 20 20 20 20 20 30 30 20 20 20 20 30 20 20 20 20 20 20 20 20 20 20 
30 20 30 20 20 20 20 20 30 40 30 30 20 20 20 20 20 20 20 20 20 20 20 20 20 30 
20 20 30 30 20 20 20 20 30 40 30 20 20 20 30 20 20 20 20 20 20 20 20 20 20 20 
20 30 30 20 30 20 20 20 20 40 20 30 20 30 30 20 30 20 20 20 20 20 20 20 20 30 
30 20 30 30 20 20 30 20 20 40 30 20 20 20 20 20 20 20 30 20 20 20 30 20 30 20 
40 20 30 20 20 20 20 20 20 40 30 20 20 20 20 20 20 20 20 20 20 20 20 20 20 20 
30 20 30 30 20 20 20 20 20 40 30 20 20 30 20 20 30 30 20 20 20 20 20 20 20 20 
30 30 30 30 20 20 20 20 20 40 30 30 20 20 20 20 20 20 20 20 20 20 20 20 20 20 
30 20 20 20 20 20 20 20 20 40 30 20 20 20 20 20 20 20 20 20 20 20 30 20 20 20 
30 20 30 30 20 20 20 30 30 40 30 20 20 20 20 20 20 20 20 20 20 20 20 20 20 20 
30 20 30 30 20 20 20 30 20 40 30 30 20 20 20 20 20 30 20 20 20 20 20 20 20 20 
30 20 30 30 20 30 30 20 20 40 30 20 30 20 20 20 20 20 20 20 20 20 20 20 30 20 
30 20 30 30 20 20 20 20 20 40 30 20 20 20 20 20 20 20 20 20 20 20 20 20 20 20 
40 20 30 20 20 20 20 20 20 40 30 20 20 20 20 20 20 20 30 20 20 20 20 20 30 20 
30 20 30 30 20 20 20 20 20 40 30 30 20 20 20 20 20 20 20 20 20 20 30 20 20 20 
30 20 30 30 20 20 20 20 20 40 30 20 20 20 20 20 20 20 20 20 20 20 20 20 20 20 
30 20 30 20 20 30 20 20 20 40 30 20 20 20 20 20 20 20 20 20 20 20 20 20 20 20 
30 20 30 20 20 20 20 20 20 40 30 20 20 20 20 20 20 20 20 30 20 20 20 30 20 30 
30 30 20 20 30 20 20 20 20 40 30 20 20 20 20 20 20 20 20 30 20 20 20 20 20 20 
30 20 30 20 20 20 20 20 20 40 30 20 20 20 20 20 20 20 30 20 20 20 20 20 20 20 
30 20 30 20 20 20 20 20 20 40 20 20 20 20 20 20 20 20 20 20 20 20 20 30 20 30 
30 20 30 20 20 20 20 30 30 40 20 30 20 20 20 20 20 20 30 20 20 20 20 20 20 20 
30 20 30 20 20 30 20 20 20 40 30 20 20 20 20 20 20 20 20 20 20 30 20 20 20 20 
20 30 30 30 20 30 20 20 20 40 30 20 20 20 20 20 20 20 20 20 20 20 20 30 20 30 
20 20 30 20 30 20 20 20 20 40 20 20 20 20 20 20 20 20 20 20 20 20 20 20 20 20 
30 20 30 30 20 20 20 20 20 40 30 20 20 20 20 20 20 20 20 20 20 20 20 20 20 20 
30 20 30 30 20 20 20 30 20 40 30 20 20 20 20 20 20 20 20 20 20 20 20 20 20 20 
20 20 20 20 20 20 20 20 20 40 20 30 20 20 20 20 30 20 20 20 20 20 20 20 20 20 
30 20 30 30 20 20 20 20 20 40 30 20 20 20 30 20 20 30 20 20 20 20 20 20 20 20 
40 20 20 20 30 20 20 20 20 40 30 20 20 20 20 20 20 20 20 20 20 20 20 20 20 20 
30 20 20 20 20 20 20 20 20 40 30 20 20 20 20 20 20 20 20 20 20 20 30 20 20 20 
30 20 30 20 20 20 20 20 20 30 30 20 20 20 20 20 20 20 20 20 20 20 20 20 20 20 
30 20 30 30 20 20 20 30 20 40 30 20 20 20 20 30 20 20 20 20 20 20 20 20 20 20 
30 20 30 20 20 20 20 20 20 30 30 20 20 30 20 20 20 20 20 20 20 20 20 20 20 20 
30 30 30 20 20 20 20 20 20 40 30 20 20 20 30 20 20 20 20 20 20 20 20 20 20 20 
30 20 30 20 20 20 20 20 20 40 30 20 20 20 20 20 20 20 20 20 20 20 20 20 20 20 
30 20 30 20 30 30 20 20 30 40 30 20 20 20 30 30 20 30 20 20 20 20 20 20 20 20 
40 20 30 30 20 20 20 20 20 30 30 20 20 20 20 20 20 20 20 20 20 20 20 20 20 20 
30 20 30 20 20 20 20 20 20 40 30 20 20 20 20 20 20 20 20 30 20 20 20 20 20 20 
20 20 30 20 20 30 20 20 20 40 30 20 30 20 20 20 20 20 20 20 20 20 20 20 30 20 
30 20 20 20 20 20 20 20 20 40 30 20 20 30 20 20 20 20 20 20 20 20 20 20 20 20 
20 20 30 30 20 20 20 20 20 40 30 30 20 20 20 20 20 20 20 20 20 20 20 30 20 20 
30 20 30 20 20 20 20 20 30 30 30 20 20 20 20 20 20 20 20 20 20 20 20 20 20 30 
30 20 30 20 20 20 20 20 20 40 20 20 20 20 20 20 20 20 20 20 20 20 30 20 30 20 
30 20 30 20 20 20 20 30 30 40 30 20 20 20 20 20 20 20 20 30 20 20 20 20 20 20 
40 20 30 30 20 20 30 20 20 40 30 20 20 20 20 20 20 20 20 20 20 20 20 20 20 20 
30 20 30 20 20 20 30 30 20 40 30 20 20 20 20 20 20 20 20 20 20 20 20 20 20 20 
20 20 20 20 30 20 20 20 20 40 30 20 20 20 20 20 20 20 30 20 20 20 20 20 20 20 
30 20 30 20 20 20 20 20 20 40 30 20 30 20 20 20 20 20 20 20 20 20 20 20 20 20 
30 20 20 20 20 20 20 20 20 40 30 20 20 20 20 20 20 20 20 20 20 20 20 30 20 30 
30 20 20 20 20 20 20 20 20 40 30 20 20 20 20 20 20 20 20 20 20 20 20 20 20 20 
30 20 30 20 20 20 20 20 20 40 30 20 20 20 20 20 20 20 20 30 20 20 30 20 20 20 
30 20 30 20 20 20 30 20 20 40 30 20 20 20 20 20 20 20 20 20 20 20 20 20 20 20 
40 20 20 20 30 20 30 20 20 40 30 20 20 30 20 20 20 20 20 30 20 20 20 20 30 20 
30 20 30 20 20 20 20 20 20 40 30 20 20 20 20 20 20 20 20 20 20 20 20 20 20 30 
30 20 30 30 20 20 20 20 20 30 30 20 20 20 20 20 20 20 20 20 20 20 20 20 20 20 
30 20 30 20 20 20 20 30 20 40 30 20 20 30 20 20 20 20 20 20 20 20 20 20 30 20 
30 20 30 20 20 20 20 20 20 40 30 20 20 20 20 30 20 20 30 20 20 20 20 20 20 20 
30 20 30 20 20 20 20 20 20 40 30 30 20 20 30 20 30 20 20 20 20 20 20 20 20 20 
20 20 20 20 20 20 20 20 20 40 30 20 20 30 20 20 20 20 20 20 20 20 20 20 20 20 
30 20 30 30 20 20 20 20 20 40 30 30 20 20 20 20 20 20 20 20 20 20 20 20 20 20 
40 20 20 20 20 20 20 20 20 40 20 20 20 20 20 20 20 20 30 20 20 20 20 20 20 20 
30 20 30 20 20 20 20 20 20 30 30 20 20 20 30 20 20 30 20 20 20 20 20 20 30 30 
40 20 30 20 20 20 20 20 20 40 20 20 20 20 20 20 20 20 20 20 20 20 20 30 20 20 
30 20 30 20 20 20 20 20 20 30 30 20 20 20 20 20 20 20 20 20 20 20 20 20 20 20 
30 30 30 30 20 20 20 30 20 40 20 20 20 20 20 20 20 20 20 20 20 20 20 20 20 20 
30 20 30 20 20 20 20 20 20 30 30 20 20 20 20 20 20 20 20 20 20 20 20 30 20 20 
40 20 30 20 30 20 20 20 20 40 30 20 20 20 20 20 20 20 20 20 20 20 20 20 20 20 
30 20 30 20 20 20 30 20 20 30 30 20 20 30 20 20 20 20 20 20 30 20 20 20 20 20 
40 20 30 30 20 20 20 20 20 30 30 20 30 20 20 20 20 20 20 20 20 20 20 30 20 20 
30 20 30 20 20 20 20 20 20 30 30 20 20 20 20 20 30 20 20 20 20 20 20 20 20 20 
20 20 30 20 20 20 20 20 20 40 20 20 20 20 20 20 20 20 20 20 20 20 20 30 20 20 
30 20 30 20 20 20 30 20 20 30 30 20 20 20 20 20 20 20 20 20 30 20 20 20 30 20 
30 20 30 20 20 20 20 20 20 40 20 20 20 20 20 20 20 20 20 20 20 20 20 20 20 20 
30 30 30 20 20 20 20 20 20 40 30 30 20 20 30 20 20 20 20 20 20 20 20 20 20 20 
30 20 20 20 20 20 20 30 20 40 20 20 20 30 20 20 20 20 20 20 20 20 20 20 20 20 
30 20 30 20 20 20 30 20 20 30 30 20 20 20 20 20 20 20 20 20 20 20 20 30 20 20 
40 20 30 30 20 20 20 20 20 30 20 20 20 20 20 20 20 20 20 20 20 20 20 20 20 20 
30 20 30 20 20 20 20 20 20 30 30 20 20 20 30 20 20 20 20 20 20 20 20 20 20 20 
20 20 30 20 20 30 20 20 20 30 30 20 20 20 20 20 30 20 20 30 20 20 20 20 20 20 
30 20 30 30 20 20 20 30 20 40 20 20 20 20 20 30 20 20 20 20 20 30 30 20 20 20 
30 20 20 20 20 20 20 20 20 40 20 20 20 20 20 20 20 20 20 20 20 20 20 20 20 20 
30 20 30 20 20 20 20 20 20 30 30 20 20 20 20 20 20 20 20 20 20 30 20 20 20 30 
30 20 30 20 20 20 20 20 20 30 30 20 20 20 30 20 20 20 20 30 20 20 20 30 20 20 
20 20 30 20 20 30 20 20 20 30 20 20 20 20 20 30 20 20 20 20 20 20 20 20 20 20 
40 20 30 20 20 20 20 20 20 40 30 20 20 20 20 20 30 20 20 20 20 30 20 20 20 20 
20 20 30 30 20 20 20 20 20 40 30 20 30 20 20 20 20 20 20 20 20 20 20 20 20 30 
30 20 30 20 20 20 20 20 20 30 20 30 20 20 30 20 30 20 20 20 20 30 20 20 20 20 
30 20 30 20 30 20 20 20 20 40 30 20 20 20 20 20 20 20 20 20 20 20 20 20 20 30 
20 20 30 30 20 20 20 20 30 40 30 20 30 20 20 30 20 20 20 20 20 20 20 20 30 20 
20 20 30 20 20 20 20 20 20 30 30 20 20 20 20 20 20 20 20 20 20 20 20 20 20 20 
20 20 20 20 20 20 20 20 30 40 30 30 20 20 20 20 20 20 20 20 20 20 20 20 20 20 
30 20 30 20 20 20 20 20 20 40 30 20 20 20 20 20 20 30 20 20 20 20 20 20 20 20 
30 20 20 20 20 20 20 20 20 40 30 20 20 20 20 20 20 20 20 20 20 20 20 20 20 30 
30 30 30 20 30 20 20 20 20 40 30 30 20 20 20 20 20 30 20 30 20 20 20 20 20 30 
30 20 20 20 20 20 20 20 20 40 30 30 20 30 20 20 20 20 20 30 20 30 20 20 20 20 
30 20 30 20 20 30 30 20 20 30 30 30 20 30 30 20 20 20 20 20 20 20 20 20 20 20 
20 20 20 20 20 20 20 20 20 40 30 20 20 20 20 20 20 20 20 20 20 20 30 20 20 20 
30 20 30 20 20 20 20 20 20 30 30 20 20 20 20 20 20 20 20 20 20 20 20 20 20 20 
30 20 20 20 20 20 20 20 20 40 30 20 30 20 20 20 20 20 20 20 20 20 20 20 20 20 
30 20 20 20 20 20 20 20 20 40 30 20 20 30 20 20 20 20 20 20 30 20 20 20 20 20 
20 20 30 20 20 20 30 20 20 40 30 20 20 20 20 20 20 30 20 20 20 20 20 20 20 20 
30 20 30 20 20 20 20 20 20 40 30 20 20 20 20 30 20 20 20 30 20 20 20 20 20 20 
30 20 30 30 20 20 20 20 20 40 30 30 20 20 20 20 20 20 20 20 20 20 20 20 20 20 
30 20 30 20 20 20 20 20 20 40 30 20 20 20 20 20 20 20 20 20 20 20 20 20 20 30 
30 20 30 20 20 20 30 20 20 30 30 20 20 20 20 20 30 20 20 20 20 20 20 20 20 30 
30 20 30 20 20 20 20 20 20 30 30 20 30 20 20 20 20 20 20 20 20 20 20 20 20 20 
30 20 20 20 20 20 20 20 20 30 20 20 20 20 20 20 20 20 20 20 20 20 20 20 20 20 
30 20 30 20 20 20 20 20 20 40 30 20 20 20 20 20 20 30 20 20 20 20 20 20 20 20 
30 20 20 20 20 20 30 20 20 40 30 20 20 20 20 20 20 20 20 20 20 20 20 20 20 20 
30 20 20 20 20 30 20 20 20 40 30 20 20 20 20 20 20 20 20 20 20 20 20 20 20 20 
30 30 30 20 20 30 20 20 20 40 30 20 20 20 20 20 20 20 20 20 20 20 30 20 20 20 
30 20 30 20 20 20 20 20 20 40 30 20 20 30 20 20 20 20 20 20 20 20 20 20 20 20 
30 30 20 20 20 20 20 30 20 40 30 20 20 20 30 20 30 20 20 20 20 20 20 20 20 20 
30 20 30 20 20 20 20 20 20 40 30 20 20 20 20 20 20 20 20 20 20 20 30 20 20 20 
30 30 30 20 20 20 20 20 20 30 30 20 20 20 20 20 20 20 20 20 20 20 20 30 20 20 
20 20 30 20 20 20 20 30 20 40 30 20 20 20 30 20 20 20 20 30 20 20 20 20 20 20 
20 20 20 20 20 20 20 20 20 40 20 20 20 20 20 20 20 20 20 20 20 20 20 20 20 20 
30 20 30 20 20 20 20 20 20 40 30 20 20 20 20 20 20 20 20 20 20 20 20 20 20 20 
30 20 20 20 20 20 20 20 30 40 30 20 20 20 20 20 20 20 20 20 20 20 20 30 20 20 
30 20 30 30 20 20 30 20 20 40 30 20 20 20 20 20 20 20 20 20 20 20 20 30 20 20 
30 20 30 20 20 20 20 20 20 40 30 20 30 20 30 20 20 20 20 30 20 20 20 20 20 20 
30 20 30 30 20 20 20 20 20 40 30 20 20 20 20 20 20 20 20 20 20 20 20 20 20 20 
30 20 30 20 20 20 20 30 20 40 30 20 20 20 20 20 20 20 20 20 20 20 20 20 20 20 
30 20 30 30 20 20 20 20 20 40 30 20 20 20 20 20 20 20 20 20 30 20 20 20 20 20 
30 20 30 20 20 20 20 20 20 40 30 20 20 20 20 20 20 20 20 20 20 30 20 20 30 20 
30 20 30 20 20 20 20 20 20 30 30 20 20 20 20 20 20 20 20 30 20 20 20 20 20 20 
30 20 30 20 20 20 20 20 20 40 30 20 20 20 20 20 20 30 20 20 20 20 20 20 20 20 
30 20 30 20 20 30 20 20 20 30 30 20 20 20 20 20 20 20 20 20 20 20 20 30 20 20 
40 20 30 20 20 20 20 20 20 30 30 20 20 20 20 20 20 20 20 30 20 20 20 30 20 20 
20 20 30 30 20 20 20 20 20 40 30 20 30 20 20 30 20 20 20 20 20 20 20 30 20 30 
30 20 30 20 20 20 20 20 20 40 30 20 20 30 20 30 20 20 20 20 20 20 20 20 20 20 
20 20 30 20 20 20 20 20 30 40 30 20 20 20 20 20 20 20 20 20 20 20 20 20 20 20 
30 20 30 30 20 20 20 20 20 30 30 20 20 20 30 30 20 20 20 20 30 20 20 20 30 20 
30 20 30 30 20 20 20 20 20 40 20 20 20 20 20 20 20 20 20 20 20 20 20 20 20 30 
30 20 30 30 20 20 20 20 20 40 20 20 20 20 20 20 20 20 20 20 20 20 20 20 20 20 
30 20 30 20 20 20 20 20 20 40 30 20 20 20 20 20 20 20 20 20 20 20 20 20 20 20 
30 20 30 20 20 20 20 20 20 30 30 20 20 20 20 20 20 20 20 20 20 20 20 20 20 20 
30 20 30 20 20 20 20 20 20 40 30 20 20 20 20 20 20 20 20 20 20 20 20 20 20 30 
30 20 20 20 20 20 20 20 20 30 30 20 30 20 20 20 20 20 20 20 20 30 20 20 30 20 
30 20 30 20 20 20 20 30 20 40 30 30 20 30 20 20 20 20 30 20 30 20 20 20 20 20 
30 20 30 30 20 30 30 20 20 30 30 20 20 20 20 20 20 20 20 20 20 20 20 20 20 20 
30 20 30 20 20 20 20 20 20 40 30 20 30 20 20 20 20 20 20 20 20 30 20 20 30 20 
30 30 20 20 20 20 20 30 30 40 30 20 20 20 20 20 30 30 20 20 20 20 20 30 20 30 
30 20 30 30 20 20 30 20 20 30 30 20 20 20 20 20 20 20 20 20 20 20 30 20 20 20 
20 20 20 20 20 30 30 20 20 40 30 20 20 20 20 20 20 20 20 20 20 20 20 20 20 20 
30 20 30 20 20 20 20 20 20 40 30 20 20 20 20 20 20 20 30 20 30 20 20 20 30 20 
20 30 20 20 20 20 20 20 20 30 20 20 20 20 20 20 20 20 20 20 20 20 30 20 20 20 
20 20 30 30 20 30 30 20 20 40 30 20 20 20 20 20 20 20 20 20 20 20 20 20 20 20 
30 20 30 20 30 20 20 20 20 40 30 30 20 30 20 20 30 20 20 20 20 20 20 20 20 20 
30 20 30 20 30 20 20 20 20 30 30 20 30 20 20 30 20 20 20 20 20 20 20 30 20 20 
20 20 30 20 20 20 20 20 20 40 30 20 20 20 20 20 20 20 20 20 20 30 20 20 30 20 
30 30 20 20 20 20 20 20 30 40 30 20 20 20 20 20 20 30 20 20 20 30 20 20 30 20 
20 20 30 20 20 20 20 20 20 40 30 20 20 20 20 20 20 30 20 20 20 20 20 20 20 20 
30 30 20 20 20 20 20 20 20 40 30 20 20 20 20 20 20 20 20 20 20 20 20 20 20 20 
20 20 20 20 20 20 20 20 20 40 30 20 20 20 20 20 20 20 20 20 20 20 20 20 20 20 
30 20 20 20 20 20 20 20 20 30 30 20 20 20 20 20 20 20 20 20 20 20 20 20 20 20 
30 20 20 20 20 20 20 20 20 40 30 20 20 20 20 20 20 20 20 20 30 20 20 20 30 20 
30 20 30 20 20 20 20 30 20 40 30 20 20 20 20 20 20 20 20 20 20 20 30 20 20 20 
30 20 20 20 30 30 20 20 20 40 30 20 20 20 20 20 20 20 20 20 20 20 20 20 20 20 
30 20 30 20 20 20 20 20 20 40 30 20 20 20 20 20 30 20 20 20 20 20 30 20 20 20 
20 20 20 20 20 20 20 20 20 30 30 20 20 20 20 20 20 20 20 20 20 20 20 20 20 20 
20 20 30 20 20 20 20 20 20 40 20 20 20 20 20 20 20 20 20 20 20 20 30 20 20 20 
30 20 30 20 20 30 20 20 20 40 30 20 20 20 20 20 20 20 20 20 20 20 30 20 20 20 
30 20 30 20 30 20 20 20 20 40 20 20 20 30 20 20 30 20 20 20 20 20 20 20 20 20 
30 20 30 20 20 20 20 20 20 40 30 20 30 20 20 20 20 20 20 20 20 20 20 20 20 20 
30 20 30 20 20 20 20 20 20 40 30 20 20 30 20 20 20 20 20 20 20 30 20 20 20 20 
30 20 30 20 20 20 20 30 20 40 30 30 20 20 20 20 20 20 20 20 20 20 20 20 20 20 
20 20 30 20 20 30 30 20 20 40 30 20 30 20 30 20 20 20 20 20 20 20 20 30 20 20 
30 20 30 20 20 20 20 20 20 40 30 20 20 20 30 20 20 20 20 20 20 20 20 20 20 20 
30 20 30 20 20 20 20 30 20 40 30 20 20 20 20 30 20 20 30 20 30 20 20 20 20 20 
30 20 30 20 20 20 20 20 20 40 30 20 20 20 20 20 20 30 20 20 30 20 20 20 20 20 
30 30 30 30 20 20 20 20 20 30 40 20 20 20 20 20 30 20 20 20 20 20 20 20 20 20 
30 20 30 20 20 30 20 20 20 30 30 30 20 20 30 20 20 20 20 20 20 20 20 20 20 20 
30 20 30 20 20 20 20 20 20 40 30 20 20 20 20 20 20 20 20 20 20 20 20 20 20 20 
30 20 20 20 20 20 20 20 20 30 30 20 20 20 20 20 20 20 20 20 20 20 20 20 20 20 
30 20 30 20 30 20 20 20 20 40 20 20 20 20 20 20 30 20 20 20 20 20 20 20 30 20 
30 20 30 30 20 30 20 20 20 30 30 20 20 20 20 20 20 20 20 20 20 20 20 20 20 20 
20 20 30 30 20 20 20 20 20 40 30 20 20 20 30 20 30 30 20 20 20 20 20 20 20 20 
30 20 30 20 20 20 20 20 20 30 30 20 20 20 20 20 20 20 20 20 20 20 30 20 20 20 
20 20 30 20 20 20 20 20 30 40 30 20 30 20 20 20 20 20 20 20 30 20 20 20 20 20 
30 30 20 30 20 30 20 20 20 40 30 20 20 20 20 20 20 20 30 20 20 20 20 30 20 20 
20 30 30 20 20 20 20 20 20 40 30 20 20 20 20 20 20 20 20 20 20 20 20 30 20 20 
20 20 30 20 20 20 20 20 20 40 30 20 20 20 20 20 20 20 20 20 20 20 20 20 20 20 
20 20 30 20 30 20 20 30 20 40 30 20 20 20 20 20 20 20 20 20 20 20 20 20 20 20 
30 20 30 30 20 30 20 20 20 30 30 20 30 20 20 30 20 20 20 20 20 20 30 20 20 20 
30 20 20 20 20 20 20 20 20 40 30 20 20 20 20 20 20 20 20 20 20 20 20 20 20 30 
30 20 30 30 20 20 20 20 20 30 30 20 20 20 20 20 20 30 20 20 20 20 20 20 20 20 
30 20 30 20 30 20 20 20 20 30 30 20 20 20 20 20 20 20 30 20 20 20 30 20 20 20 
20 30 30 20 20 20 30 20 20 30 30 20 20 20 20 20 20 20 20 20 20 20 20 20 20 20 
20 20 30 20 20 20 20 20 20 40 30 30 20 20 20 20 20 20 20 20 20 20 20 20 20 20 
20 20 30 20 20 20 20 30 20 40 30 20 20 20 20 20 20 20 20 20 20 20 20 20 20 30 
30 20 30 20 20 30 20 20 20 40 30 20 20 20 20 20 20 20 20 20 20 20 20 20 20 20 
20 20 30 30 20 20 20 20 20 40 30 20 30 20 20 20 20 20 20 30 20 20 20 20 20 20 
20 20 30 20 20 20 20 20 20 40 30 20 20 20 20 20 20 20 20 20 30 20 20 20 30 20 
30 20 30 20 30 20 20 20 20 40 20 20 20 20 20 20 20 20 20 30 20 30 20 20 20 20 
30 20 20 20 20 20 20 20 20 40 30 20 20 20 20 20 20 20 20 20 20 30 20 20 20 20 
30 20 30 20 20 30 30 20 20 30 30 20 20 20 20 20 20 20 20 20 20 20 20 20 20 20 
30 20 30 20 20 20 20 20 20 40 30 20 20 20 20 20 20 20 20 20 20 20 30 20 20 20 
20 20 30 30 20 20 30 20 20 40 30 20 20 20 20 20 20 20 20 20 20 20 20 20 20 20 
30 30 20 20 20 20 20 20 20 30 20 20 20 20 20 20 30 30 20 30 20 20 20 30 20 20 
30 20 30 30 20 30 30 20 20 30 30 20 20 20 20 20 20 20 20 20 20 20 30 20 20 20 
30 20 20 20 20 20 20 20 20 40 30 20 20 20 20 20 20 20 20 20 20 20 20 30 20 20 
30 30 30 20 20 20 20 20 20 40 30 20 20 20 20 20 30 20 20 20 20 20 20 20 20 20 
30 20 30 20 20 20 20 20 20 40 30 30 20 20 20 20 20 20 20 20 20 20 20 20 20 20 
20 20 30 30 20 20 20 20 20 40 30 20 20 20 20 20 20 20 20 20 20 20 20 30 20 20 
30 20 20 20 20 20 20 20 20 40 30 30 20 20 20 20 20 20 20 20 20 20 20 20 20 30 
30 20 30 30 20 20 20 20 20 30 30 20 20 20 20 20 20 20 20 20 20 20 20 30 20 20 
20 20 30 20 20 20 20 20 20 40 30 20 30 20 20 20 20 20 20 20 20 20 30 20 20 20 
30 20 30 30 20 30 20 20 20 30 30 20 20 20 20 20 20 20 30 20 30 20 20 20 30 20 
20 20 30 30 20 20 20 20 20 40 30 20 20 30 20 20 20 20 20 20 20 20 20 20 20 20 
30 20 30 20 30 20 20 20 20 40 30 30 20 20 20 20 20 20 30 20 20 20 30 20 20 20 
20 20 30 20 20 20 20 20 30 40 30 30 20 20 30 30 20 20 20 20 20 20 20 20 30 20 
20 20 30 20 20 20 20 20 20 30 30 20 20 20 30 30 20 20 20 20 20 30 20 20 20 20 
30 20 30 30 20 20 20 20 30 40 30 20 20 20 20 20 20 20 20 20 20 30 20 20 30 20 
30 20 30 20 20 20 20 30 30 40 30 20 20 20 20 20 20 20 20 20 20 20 20 20 20 20 
30 30 30 20 30 20 20 20 20 30 30 20 20 20 20 20 20 20 20 20 20 20 20 20 20 20 
30 20 30 20 20 20 20 20 30 40 30 30 20 20 20 20 20 20 20 20 20 20 20 20 20 20 
20 20 20 20 20 20 20 30 30 40 30 20 20 20 20 20 20 20 20 20 20 20 20 20 20 20 
30 20 30 30 20 20 20 20 20 40 30 20 20 20 20 20 20 30 20 20 20 20 20 20 20 20 
20 20 30 20 20 20 20 20 20 30 20 20 20 20 20 20 20 20 20 20 30 20 20 20 20 20 
30 20 30 20 20 20 30 30 20 40 30 20 20 20 20 20 20 20 20 20 30 20 20 20 30 20 
20 20 30 20 20 20 20 20 20 40 30 20 20 20 20 20 20 20 20 20 20 20 20 20 30 20 
30 30 20 20 20 20 20 20 20 30 30 20 30 20 20 20 20 20 20 20 20 20 20 20 20 20 
30 20 30 20 20 20 20 20 20 40 30 20 20 20 20 20 20 20 20 20 20 20 20 20 20 20 
30 20 30 20 20 20 20 20 20 40 30 20 20 20 20 20 20 20 20 20 20 20 20 20 20 20 
30 20 30 20 30 20 20 20 20 30 20 20 20 20 20 20 20 20 30 20 30 20 20 20 30 20 
20 20 30 20 20 20 30 20 20 40 30 20 20 20 20 20 30 20 20 20 20 20 20 20 20 20 
20 20 20 20 20 20 20 20 20 30 20 20 20 30 20 20 20 20 20 20 20 20 20 20 20 20 
20 20 30 20 20 20 20 20 20 30 30 20 20 20 20 20 20 20 20 20 20 20 20 20 20 20 
30 20 30 30 20 20 30 20 20 30 30 20 20 20 20 20 20 20 20 20 20 20 30 20 20 20 
30 20 30 20 20 20 20 20 20 40 20 20 20 20 20 20 20 20 20 20 30 20 20 20 20 20 
20 20 30 20 20 20 20 20 20 30 30 20 20 20 20 20 30 20 20 20 20 20 20 20 20 20 
30 20 30 20 30 20 20 20 20 40 30 20 20 20 20 20 20 20 20 20 20 20 20 20 20 20 
30 20 20 20 20 20 20 20 20 40 30 20 20 20 20 20 20 20 20 20 30 20 20 20 20 20 
20 20 20 20 20 20 20 20 20 40 30 20 20 20 20 20 20 20 30 20 20 20 20 20 20 30 
30 20 20 20 30 30 20 20 20 30 30 20 20 20 20 20 20 20 20 20 20 20 20 20 20 20 
20 20 30 30 20 30 20 20 20 30 30 20 20 20 20 20 20 20 30 20 20 20 20 20 30 20 
30 20 30 20 20 20 20 20 30 40 30 20 20 20 20 20 20 20 30 20 30 30 20 20 30 20 
30 20 30 20 20 20 20 20 20 30 30 20 20 30 20 20 30 20 20 20 20 20 20 20 20 20 
20 20 20 20 20 20 20 20 20 40 30 20 30 20 20 20 20 20 20 20 20 20 20 20 20 20 
30 20 30 20 20 20 20 20 20 30 30 20 20 20 20 20 20 20 20 20 30 20 20 20 20 30 
30 20 30 20 20 20 20 20 20 40 30 20 20 20 20 20 20 20 20 20 20 20 30 20 20 20 
30 20 30 20 20 20 30 30 20 40 30 20 20 20 20 20 20 20 20 20 20 20 20 20 20 20 
30 30 30 20 20 20 30 20 20 40 30 20 20 20 20 20 20 20 20 20 20 20 20 20 20 20 
30 20 30 30 20 20 20 20 20 40 30 20 20 20 20 30 20 20 20 20 20 30 20 20 30 20 
30 20 30 20 30 20 20 20 20 40 30 20 20 20 20 20 20 20 20 20 30 20 20 20 30 20 
30 20 30 30 20 30 20 30 20 40 30 30 20 30 20 20 20 20 20 30 20 20 20 20 20 20 
30 20 30 20 20 20 20 20 20 40 20 20 20 20 20 20 20 20 20 20 20 20 20 30 20 20 
40 20 30 20 20 20 20 20 20 40 30 20 20 20 20 20 20 20 20 20 20 20 20 20 20 30 
30 30 30 20 20 20 20 30 20 40 30 20 20 20 30 20 20 20 20 20 20 20 30 20 20 20 
30 20 30 20 20 20 20 20 30 40 30 20 20 20 20 20 20 20 20 20 20 20 20 20 30 20 
40 20 30 20 20 30 20 20 30 40 30 20 20 20 20 20 20 30 20 20 20 20 20 20 20 20 
30 20 30 20 20 20 20 20 20 30 20 20 20 20 20 20 20 20 20 20 20 20 20 20 20 20 
30 20 30 20 20 20 20 20 20 40 30 20 30 20 20 20 20 20 20 30 20 20 20 20 20 20 
20 30 30 20 30 30 20 30 20 40 30 20 20 20 30 30 20 20 20 20 20 20 20 20 20 20 
30 20 30 20 20 30 30 20 20 30 20 20 20 30 20 20 20 20 20 30 20 20 20 20 30 20 
30 20 20 20 20 20 20 20 20 30 30 20 20 20 20 20 20 20 20 20 20 20 20 20 20 20 
30 20 30 20 20 20 20 20 20 40 20 20 30 20 20 20 20 20 20 30 20 20 20 20 20 20 
30 30 30 30 20 30 20 20 20 40 30 20 20 20 20 20 20 20 20 20 20 20 20 20 20 20 
30 20 20 30 20 20 20 20 20 40 30 20 30 20 20 20 20 20 20 30 20 20 30 20 30 20 
30 20 30 20 20 20 20 20 20 40 20 20 20 20 20 20 20 20 20 20 20 20 20 20 20 20 
30 20 30 20 20 20 20 20 20 40 30 20 20 20 20 20 20 20 20 20 20 20 20 20 20 20 
30 20 30 20 20 20 20 20 20 30 30 30 30 20 20 20 20 20 20 20 20 20 20 20 20 20 
30 20 30 30 20 20 20 20 20 40 30 20 20 20 30 20 20 20 20 20 20 20 20 20 20 20 
30 20 30 20 20 20 20 20 20 30 30 20 20 20 20 20 20 20 20 20 20 20 20 20 20 20 
30 20 30 20 20 20 30 20 20 40 30 20 20 20 20 20 20 20 20 20 20 20 20 20 20 20 
30 20 30 20 20 30 20 20 20 40 20 20 20 20 20 20 20 20 30 20 30 20 20 20 20 20 
30 30 30 30 20 20 20 20 20 40 30 20 20 20 20 20 20 20 20 30 20 20 30 20 30 20 
30 20 30 30 20 20 20 20 20 30 30 30 20 20 20 20 20 20 20 20 20 20 20 20 20 20 
20 30 30 30 20 20 20 20 20 40 30 20 20 20 20 20 20 20 20 20 20 20 20 20 20 20 
30 20 30 20 20 30 30 20 20 40 30 20 20 20 20 20 20 20 20 20 20 20 20 20 20 20 
30 20 20 30 20 20 20 20 20 30 30 30 20 20 20 20 20 20 20 20 30 20 20 20 20 20 
30 20 30 30 20 20 20 20 20 30 20 30 20 20 20 20 20 30 20 20 30 20 20 20 20 20 
30 30 30 20 20 20 20 20 20 40 30 20 20 20 20 20 20 20 20 30 20 20 20 20 20 20 
30 20 30 30 20 20 20 20 20 40 30 20 20 20 20 20 30 20 20 20 20 20 20 20 20 20 
20 20 30 20 20 20 20 20 20 40 30 20 20 20 20 20 30 20 20 20 20 20 20 30 20 20 
30 30 30 20 20 20 20 20 20 40 30 20 20 20 20 20 20 20 20 30 20 20 30 20 20 20 
30 20 30 20 20 20 20 20 20 30 30 30 20 20 20 20 30 20 20 20 20 20 20 20 20 20 
20 20 20 20 20 20 20 20 20 30 30 20 20 20 20 20 30 20 20 20 20 20 20 20 20 20 
20 20 30 20 20 20 20 20 20 30 30 20 20 20 20 20 20 20 20 20 20 20 20 20 20 20 
20 20 30 30 20 20 20 20 20 30 30 20 20 20 20 20 20 20 30 20 20 30 20 20 20 20 
30 20 30 20 30 20 20 20 20 40 30 20 30 20 20 20 20 20 20 20 30 20 20 30 20 20 
20 20 20 20 20 20 20 20 20 40 30 20 20 20 20 20 20 20 20 20 30 20 20 20 20 20 
20 20 30 20 20 20 20 20 20 40 30 20 30 20 20 20 20 20 20 20 20 20 20 20 20 20 
30 20 30 20 20 20 20 20 20 40 30 20 20 20 20 20 20 20 20 20 20 20 20 20 20 20 
30 20 30 30 20 20 20 20 20 40 30 20 20 20 20 30 20 20 20 20 30 20 20 20 20 20 
30 20 30 30 20 20 20 20 20 40 30 20 20 20 20 20 20 20 20 20 20 20 30 20 20 30 
20 20 20 20 20 20 20 20 20 40 30 20 20 20 20 20 20 20 30 20 20 30 20 20 20 20 
30 20 20 20 20 20 20 20 20 40 30 20 30 20 20 20 20 20 20 20 20 30 20 20 20 20 
20 20 30 20 20 20 20 20 20 30 30 20 20 30 20 20 30 20 20 20 20 20 20 20 20 20 
30 20 30 20 20 20 20 20 20 30 30 20 20 20 20 20 20 20 20 20 20 20 20 20 20 20 
30 20 40 20 30 20 20 20 20 40 30 20 20 20 20 20 20 20 20 20 20 20 20 20 20 20 
30 20 30 20 20 30 30 20 20 40 30 20 20 30 20 20 20 20 20 30 20 20 20 20 20 30 
30 20 30 20 20 20 20 20 20 40 20 20 20 20 20 30 20 20 20 20 20 20 20 20 20 20 
30 20 30 20 20 20 20 20 20 40 30 20 20 20 20 20 20 20 20 20 20 20 20 20 20 20 
30 20 30 30 20 20 30 20 20 40 20 20 20 20 20 20 20 20 30 20 20 20 20 20 20 20 
30 30 30 30 20 20 20 20 30 40 30 20 20 20 20 20 20 20 20 20 30 30 20 20 20 20 
40 20 30 20 20 20 20 20 20 30 20 20 20 20 20 20 20 20 30 20 30 20 20 20 30 20 
30 20 20 20 20 20 20 20 20 40 30 30 20 20 20 20 20 30 20 20 20 20 20 20 20 30 
30 20 30 20 20 20 20 20 20 40 30 20 20 20 20 20 20 20 20 20 20 20 20 20 20 30 
40 20 30 20 20 20 20 20 20 40 30 20 20 20 20 20 20 20 20 20 20 20 30 20 20 20 
30 20 20 20 20 20 20 20 20 30 30 20 20 20 20 20 20 20 20 20 30 20 30 20 20 30 
30 20 30 20 20 20 30 20 20 40 30 20 20 20 20 20 20 20 20 20 20 20 20 20 20 20 
30 20 30 20 20 30 20 20 20 40 30 20 20 20 20 20 20 20 20 30 20 20 20 20 20 20 
40 20 30 30 20 20 20 20 20 40 30 20 20 20 20 20 20 30 20 20 20 20 20 30 20 20 
30 30 30 20 20 20 20 20 20 40 30 20 20 20 20 20 20 20 20 30 20 20 20 20 20 20 
30 20 20 20 20 20 20 20 20 30 30 20 20 20 20 20 20 20 20 20 20 30 20 20 20 20 
30 20 30 20 20 20 20 20 20 30 30 20 20 20 20 20 20 20 20 20 20 20 20 20 20 20 
40 20 30 20 20 20 30 20 20 30 20 30 20 30 30 30 20 20 30 20 20 20 20 20 20 20 
40 20 30 20 20 30 20 20 20 30 30 20 20 20 20 20 20 20 20 30 20 20 20 20 20 30 
30 30 30 20 30 20 20 30 20 30 30 20 20 20 20 20 20 20 20 30 20 20 20 20 20 20 
30 20 20 20 20 20 20 20 20 40 30 20 20 20 20 20 20 20 20 20 20 20 20 20 20 20 
30 20 30 20 20 20 20 20 20 40 30 20 20 20 20 20 20 20 20 20 20 20 20 30 20 20 
30 20 30 30 20 20 20 20 20 40 20 30 30 20 20 20 20 20 20 30 20 30 20 20 20 30 
30 20 30 30 20 20 20 20 20 40 30 20 20 20 20 20 20 20 20 30 20 20 20 20 20 20 
30 30 30 20 20 20 20 20 20 40 30 20 20 20 20 20 20 20 20 20 20 20 20 20 30 20 
40 20 30 20 20 20 20 20 30 40 30 20 20 20 20 20 20 20 20 30 20 20 20 30 20 20 
30 30 30 20 20 20 20 20 20 40 30 20 20 20 20 20 20 20 20 20 20 20 20 20 20 20 
30 20 30 30 20 20 20 20 20 40 30 20 20 20 20 20 20 20 20 20 20 20 20 20 20 20 
30 20 30 20 20 20 20 20 20 40 30 20 20 20 20 20 20 20 20 30 20 30 20 20 20 20 
30 30 30 30 20 20 20 20 30 40 30 20 20 20 20 20 20 20 20 20 20 20 20 20 30 20 
30 20 20 20 30 30 20 20 20 30 20 30 20 20 30 20 20 20 20 20 20 30 20 20 20 20 
30 20 30 30 20 20 20 20 20 40 30 20 20 20 20 20 20 20 20 20 20 20 20 30 20 20 
30 20 30 20 20 30 20 30 20 40 30 20 20 20 20 30 20 20 20 20 20 30 20 20 20 20 
40 20 20 20 20 20 20 20 20 30 30 30 20 20 20 20 20 20 30 20 20 20 20 20 20 20 
30 30 30 20 20 20 20 20 20 40 30 20 30 20 20 20 20 20 20 20 20 20 20 20 20 20 
30 20 30 30 20 20 20 20 30 40 30 20 30 20 20 20 20 20 20 20 20 20 20 20 20 20 
30 20 30 30 20 20 20 20 20 40 30 20 20 20 20 20 20 20 20 20 20 20 20 30 20 20 
30 20 30 30 20 20 20 20 20 40 30 20 20 20 20 20 20 20 20 20 20 20 20 20 20 20 
40 30 30 20 20 20 20 20 20 40 30 20 20 20 20 20 20 20 20 20 20 20 20 20 20 20 
40 20 20 20 20 30 20 20 20 30 20 30 20 30 20 30 20 20 30 20 20 20 20 20 20 20 
30 20 30 20 20 20 20 20 30 40 30 20 20 20 20 20 20 20 20 20 20 20 20 20 20 20 
40 20 30 20 20 20 20 20 20 40 30 20 20 20 20 20 20 20 20 20 20 20 20 30 20 20 
30 20 30 30 20 20 20 20 20 40 30 20 20 20 20 20 20 20 20 30 20 20 20 20 30 20 
30 20 30 30 20 20 20 20 20 40 30 20 20 20 20 20 20 20 20 20 20 20 20 20 20 20 
30 20 30 20 20 20 20 20 20 40 30 20 20 20 20 20 20 20 20 30 20 20 20 20 20 20 
30 20 20 20 20 20 20 20 20 40 30 20 20 20 20 20 20 30 20 20 20 20 20 20 20 20 
30 20 30 30 20 20 20 20 30 40 30 20 30 20 20 20 30 20 20 20 20 20 20 20 20 20 
30 30 30 20 20 20 20 20 20 30 30 20 20 20 20 20 20 20 20 20 20 20 20 20 20 20 
30 20 30 20 20 20 20 20 20 40 30 20 20 20 20 20 20 30 20 20 20 20 20 30 20 20 
40 20 30 20 20 20 20 20 20 40 30 20 20 30 20 20 20 20 30 20 20 20 20 20 20 20 
30 20 20 20 20 20 20 20 20 30 30 20 30 20 20 20 20 30 20 20 20 30 20 20 20 20 
40 20 30 20 20 20 20 20 20 40 30 20 20 20 20 20 20 20 20 20 20 20 20 20 20 20 
30 20 30 20 20 20 20 20 20 40 30 20 20 20 20 20 20 20 30 20 20 20 20 20 20 20 
20 20 30 20 30 20 20 20 20 40 30 20 20 20 20 20 20 20 20 20 20 20 20 30 20 20 
20 20 30 20 20 20 20 20 20 30 30 20 20 20 20 20 20 20 20 20 30 20 30 20 20 20 
30 20 30 30 20 20 20 20 20 40 30 20 20 20 20 20 20 20 20 20 20 20 20 20 20 20 
20 20 30 30 20 20 20 20 20 40 30 20 20 20 20 20 20 20 20 20 20 20 20 20 30 20 
30 20 30 20 20 20 20 20 20 40 30 20 20 20 20 20 30 20 20 20 20 20 20 20 20 20 
20 20 30 20 20 20 20 20 20 30 30 20 20 20 20 20 20 20 20 20 20 20 20 20 30 20 
20 20 30 30 20 20 20 30 20 30 30 20 20 20 20 20 20 20 20 20 20 30 20 20 20 20 
30 20 30 30 20 20 20 20 30 40 30 20 30 20 20 20 20 20 20 20 20 20 20 20 20 20 
30 20 20 20 20 20 20 20 20 30 30 20 20 20 20 30 20 20 20 20 20 20 20 20 20 20 
30 20 30 20 20 20 20 20 20 40 30 20 20 20 20 20 20 20 20 30 20 20 20 20 30 20 
20 20 30 20 20 20 20 20 20 40 30 20 20 20 20 20 20 20 20 20 20 20 20 30 20 20 
30 20 30 20 20 20 20 30 20 30 30 20 30 20 20 20 20 20 30 20 20 20 20 20 20 20 
40 20 30 20 20 20 20 20 20 40 30 20 20 20 20 20 20 30 20 20 20 20 20 20 20 20 
30 20 30 20 20 20 20 20 20 40 30 20 20 20 20 20 20 20 20 20 20 20 20 20 20 20 
20 20 30 20 20 20 20 20 20 40 30 20 20 20 20 20 20 30 20 20 20 30 30 20 20 20 
30 20 30 30 20 20 20 20 20 40 30 20 20 20 20 20 20 20 30 20 20 20 20 20 20 30 
30 20 20 20 20 20 20 20 30 40 30 20 20 20 20 20 20 20 20 20 30 20 20 20 20 30 
30 20 30 20 30 20 20 30 20 30 30 30 20 20 30 30 20 20 20 20 30 20 20 20 20 30 
30 20 30 20 20 30 20 20 20 30 20 20 20 20 20 20 20 20 20 20 20 20 20 20 20 20 
30 20 20 20 20 20 20 20 20 40 30 20 20 20 20 20 20 20 20 20 20 20 20 20 20 20 
40 20 30 20 20 20 20 20 20 40 30 20 30 20 20 20 20 20 20 20 30 30 20 20 20 20 
30 20 30 20 20 20 20 20 20 40 30 20 20 30 30 30 20 20 20 20 30 30 30 20 20 20 
20 20 30 20 20 20 20 20 20 30 20 20 20 20 20 20 30 20 20 20 20 20 20 20 30 20 
30 20 30 20 20 20 20 20 20 40 30 20 20 30 30 20 20 30 20 20 20 20 20 20 30 20 
30 30 20 20 20 20 20 20 20 40 30 20 20 30 20 20 20 30 20 20 20 20 20 20 20 20 
30 30 30 20 20 20 20 20 20 40 30 20 20 20 20 20 20 20 20 20 20 20 20 30 20 20 
30 20 30 20 20 20 20 20 20 40 30 30 20 20 20 20 20 20 20 20 20 20 20 20 20 20 
20 20 30 20 30 20 30 20 20 30 30 20 30 20 20 20 20 20 20 20 20 20 20 20 30 20 
40 20 30 20 20 20 20 20 20 30 20 20 20 20 20 20 20 20 20 20 20 20 20 20 20 30 
30 30 30 20 20 20 20 20 20 40 30 20 20 20 20 20 20 20 20 20 20 20 20 20 20 20 
20 30 30 20 30 30 20 30 20 30 30 20 20 30 20 30 20 20 30 20 20 20 20 20 20 20 
30 20 30 30 20 20 20 30 20 40 30 20 20 20 20 20 20 20 30 20 20 20 20 20 20 20 
30 20 30 20 20 20 20 20 20 40 30 20 30 20 20 20 20 20 20 20 20 20 20 20 20 20 
30 20 30 30 20 20 20 20 30 40 30 20 30 20 20 20 20 20 20 20 20 20 20 20 20 20 
30 20 30 20 20 20 20 20 20 40 30 20 20 20 20 20 20 20 20 20 20 20 20 20 20 20 
30 20 30 20 20 20 20 20 20 30 30 20 20 20 20 20 20 20 20 20 20 30 20 20 20 20 
40 20 20 20 20 20 20 20 20 40 30 20 20 20 20 20 20 30 20 20 20 20 20 20 20 30 
30 20 20 20 20 30 20 20 20 40 30 30 20 20 30 30 20 20 20 20 30 20 20 20 20 20 
30 20 20 20 20 20 20 20 20 30 30 20 20 20 20 20 20 20 20 20 20 20 20 20 30 20 
30 30 30 20 20 20 20 20 20 40 30 20 20 20 20 20 20 30 20 20 20 20 20 20 20 20 
30 20 30 20 20 20 20 20 20 40 30 20 30 20 20 20 20 20 20 20 30 20 30 20 20 20 
30 20 30 20 20 30 30 20 20 40 30 20 20 20 30 30 20 20 20 20 20 20 20 20 20 30 
30 20 30 20 20 20 20 20 20 40 30 20 20 20 20 20 20 20 20 20 20 20 20 20 20 20 
30 20 30 20 20 30 20 20 20 30 30 20 20 20 20 30 20 20 20 20 30 20 30 20 20 30 
40 20 30 20 20 20 20 20 20 40 30 20 20 20 20 20 30 20 20 20 20 20 20 20 20 20 
30 20 30 20 20 20 20 20 20 40 30 20 20 20 20 20 20 20 30 20 20 20 20 20 20 20 
30 20 30 20 20 20 20 20 20 30 20 20 20 20 20 20 20 20 20 20 20 20 20 20 20 20 
30 20 30 20 30 20 20 20 20 30 20 20 20 20 20 20 20 20 20 20 20 20 20 20 20 20 
30 20 30 20 20 20 20 30 20 30 20 20 20 30 20 30 20 20 20 20 20 20 20 20 30 20 
30 20 30 20 30 20 20 20 20 30 20 20 20 30 30 20 20 20 30 20 20 30 20 20 20 20 
40 20 30 20 20 20 20 20 20 40 30 20 20 20 20 20 20 20 20 20 20 20 20 20 20 20 
30 20 30 20 20 20 20 20 20 40 30 20 20 20 30 30 20 20 20 20 20 20 20 20 20 20 
40 30 30 20 20 20 20 20 20 40 30 20 20 20 20 20 20 20 20 20 20 20 20 20 20 20 
30 20 30 30 20 20 20 20 30 40 30 20 20 20 20 20 20 20 20 20 20 20 30 20 20 20 
30 20 30 30 20 20 20 20 20 40 30 20 20 20 30 20 20 20 20 20 20 20 20 20 20 20 
30 30 30 20 20 20 20 20 20 40 30 20 20 20 20 20 20 20 20 20 20 20 20 20 20 20 
30 20 20 20 20 20 20 20 20 40 30 20 20 20 20 20 20 20 20 20 20 20 20 20 30 20 
20 20 20 20 20 20 20 20 20 40 30 20 20 20 20 20 20 20 20 20 20 20 20 20 20 20 
20 20 30 30 20 20 20 20 20 40 30 20 20 20 20 20 20 20 20 30 20 30 20 20 20 20 
30 20 30 30 20 20 20 20 20 40 30 20 20 20 20 20 20 20 20 30 20 20 20 20 20 20 
40 20 30 30 20 20 20 20 20 40 30 20 20 20 20 20 30 20 20 20 20 20 20 30 20 20 
30 20 30 20 20 20 20 20 20 40 30 20 20 20 20 20 30 30 20 20 20 20 20 30 20 20 
20 20 30 20 20 20 20 20 20 40 30 20 20 30 20 20 20 30 20 20 20 20 20 20 30 20 
30 20 30 20 20 20 20 20 20 40 30 20 20 20 20 20 20 20 20 20 20 20 20 20 20 20 
40 20 30 20 20 20 20 20 30 40 30 20 20 20 20 20 20 20 20 30 20 20 20 20 20 20 
30 20 30 20 20 20 20 20 20 30 30 20 20 20 20 20 20 20 20 20 20 20 20 20 20 20 
30 20 30 30 20 20 20 20 30 40 30 20 20 20 20 20 20 20 20 30 20 20 20 20 20 20 
20 20 30 20 20 20 20 20 30 40 30 20 20 20 20 20 20 20 20 20 20 20 20 20 20 20 
40 20 30 20 20 20 20 20 20 40 30 30 20 20 30 20 20 20 30 20 20 20 20 20 20 20 
30 20 30 30 20 20 20 30 20 30 30 20 20 20 20 20 20 20 20 20 30 20 30 20 20 30 
20 20 20 20 20 20 20 20 20 40 30 20 20 20 20 20 20 20 20 20 20 20 20 20 20 20 
20 20 30 20 20 20 20 20 20 40 30 20 20 20 20 20 20 30 20 20 20 20 20 20 20 20 
30 20 30 30 20 20 20 30 20 30 30 20 20 20 20 20 20 20 20 30 20 20 20 20 20 30 
30 20 20 20 20 30 20 20 20 40 30 20 20 20 20 20 20 20 20 20 20 20 20 20 20 20 
30 30 30 20 30 20 30 20 20 30 30 20 20 20 20 20 20 20 20 20 20 20 20 30 20 20 
30 20 30 20 20 30 20 20 20 40 30 20 20 20 20 20 30 30 20 20 20 20 20 20 30 20 
40 30 30 20 20 20 20 20 20 40 30 20 20 20 20 20 20 20 20 20 20 20 20 20 20 20 
30 20 30 30 20 20 30 20 20 40 30 20 20 20 20 20 20 20 20 20 20 20 20 20 20 30 
30 20 30 20 20 20 20 20 20 40 20 30 20 20 20 20 20 20 20 20 20 20 20 20 20 20 
30 20 30 20 20 20 20 20 20 40 30 20 20 20 20 20 20 30 20 20 30 20 20 20 20 20 
20 20 20 20 20 20 20 20 20 40 30 20 20 20 20 20 20 30 20 20 20 20 20 20 20 20 
30 20 30 20 20 20 20 30 20 40 30 20 20 30 20 20 20 20 20 30 20 20 20 20 30 20 
30 20 30 20 20 20 20 20 20 40 30 20 20 20 20 20 20 20 20 20 20 20 20 30 20 20 
30 20 30 20 20 20 20 20 20 40 30 20 20 20 20 20 30 30 20 20 20 20 20 20 20 20 
40 20 30 20 20 20 20 20 20 40 30 20 20 20 20 20 20 20 20 30 20 30 20 20 20 20 
20 20 19 30 20 20 20 20 20 40 30 20 20 20 20 20 30 20 20 20 20 20 20 20 20 20 
20 20 30 20 20 20 20 20 20 30 30 20 20 20 20 20 20 20 20 20 20 20 20 20 20 20 
30 20 20 20 20 20 20 20 20 40 30 20 30 20 20 20 20 20 20 20 20 20 20 20 20 20 
30 20 30 20 20 20 20 20 20 40 30 20 20 20 30 30 20 20 20 20 20 20 20 20 20 30 
20 20 30 30 20 20 20 20 20 40 30 20 30 20 20 20 20 20 20 20 20 20 20 20 20 20 
30 20 30 20 20 20 20 20 20 40 30 20 20 20 20 20 20 20 20 20 20 20 20 20 20 20 
20 20 30 20 20 20 20 20 20 40 30 20 20 20 20 20 20 20 20 20 20 20 20 20 20 20 
40 20 30 20 20 20 20 20 20 40 30 20 20 20 20 20 20 20 20 20 20 20 20 20 30 20 
20 20 30 20 20 20 20 20 20 40 30 20 30 20 20 20 30 30 20 20 20 20 20 20 20 20 
30 20 30 20 20 20 20 20 30 40 30 20 20 20 20 20 20 20 20 20 20 20 20 20 20 20 
30 20 20 20 20 20 20 20 20 40 30 20 20 20 20 20 20 20 20 20 20 20 20 20 20 20 
20 20 30 20 20 20 20 20 30 40 30 20 20 20 20 20 20 20 20 20 20 20 20 20 20 20 
30 20 30 20 20 20 20 20 20 40 30 30 20 20 20 20 20 30 20 20 20 30 20 20 20 20 
30 20 30 20 20 20 20 20 20 40 30 20 20 30 20 30 20 20 30 20 20 20 20 20 20 30 
30 20 30 20 20 20 20 20 20 40 30 20 20 20 20 20 30 30 20 30 20 20 20 20 20 20 
40 20 30 20 20 20 20 20 20 40 30 30 20 20 30 20 20 20 30 20 30 20 20 20 20 20 
30 20 20 20 20 20 20 20 20 30 30 20 20 20 20 20 20 20 20 20 20 20 20 20 30 20 
30 20 20 20 20 20 20 20 20 40 30 20 20 20 20 20 20 20 20 20 20 20 20 20 30 20 
30 20 30 20 20 20 20 20 20 40 30 20 20 20 20 20 30 30 20 20 20 20 20 30 20 20 
20 30 30 20 20 20 20 20 20 40 30 20 20 20 20 20 30 20 20 20 30 20 20 20 20 20 
30 20 30 20 30 30 20 20 20 30 30 20 20 20 20 20 20 20 20 20 20 20 20 20 20 20 
30 20 30 30 20 20 20 20 20 30 30 20 20 20 20 20 20 20 20 20 20 20 20 20 20 20 
30 20 30 20 20 30 20 20 20 40 30 20 30 20 20 20 20 20 20 20 20 30 20 20 20 20 
30 20 30 20 20 20 20 20 20 40 30 20 20 20 20 20 20 20 20 20 20 20 20 20 20 20 
30 20 30 20 20 20 20 20 20 40 30 20 20 20 20 20 20 20 20 20 20 20 20 20 20 20 
30 20 30 20 30 20 20 20 20 40 30 20 20 30 20 20 20 20 20 20 20 20 20 20 20 20 
30 30 30 20 20 20 20 30 20 30 20 30 20 30 30 30 20 20 20 20 30 30 20 20 20 20 
30 20 20 20 20 20 20 20 20 40 30 20 20 20 20 20 20 20 20 20 20 20 20 20 20 20 
30 20 30 30 20 20 20 20 20 40 30 20 20 20 20 20 20 20 20 20 20 20 20 20 20 20 
30 20 30 20 20 30 20 20 20 40 30 20 20 20 20 20 20 20 20 20 20 30 20 20 20 20 
30 20 30 20 20 30 20 20 20 40 30 20 20 20 20 20 20 20 20 20 20 20 30 20 20 20 
40 20 30 30 20 20 20 20 20 40 30 20 20 20 20 20 30 20 20 30 20 20 20 20 20 30 
30 20 20 20 20 20 20 20 20 40 30 20 30 20 20 20 20 20 20 20 20 20 20 30 20 20 
30 20 30 20 20 20 20 20 20 40 30 20 20 20 20 20 30 30 20 20 20 20 20 20 20 20 
20 20 20 20 20 20 30 20 20 30 30 30 20 20 30 30 20 20 20 20 20 20 20 20 20 20 
30 20 30 20 20 30 20 20 20 30 30 20 20 20 20 20 20 20 20 20 20 20 20 20 20 20 
20 20 30 20 20 20 20 20 20 40 30 20 20 20 20 20 20 20 20 20 20 20 20 20 30 20 
30 30 30 20 20 20 20 20 20 30 30 30 20 20 20 20 20 20 20 20 20 20 20 20 20 20 
30 30 30 30 20 20 20 20 30 40 30 20 20 20 20 20 20 30 20 20 20 20 20 20 20 20 
40 20 30 20 20 20 20 20 20 40 30 20 20 20 20 20 20 30 20 20 20 20 20 30 20 20 
30 30 30 20 30 20 30 30 20 30 20 30 20 30 30 20 20 20 20 20 20 20 20 20 20 20 
30 20 30 30 20 20 20 20 30 40 30 20 30 20 20 20 20 20 20 20 20 20 20 20 30 20 
30 20 30 20 20 20 20 20 20 40 30 20 20 20 20 20 20 20 20 20 20 20 20 20 30 20 
30 20 20 20 20 20 20 20 20 40 30 20 20 20 20 20 20 30 20 20 20 20 20 20 20 20 
30 20 20 20 20 20 20 20 20 40 30 20 30 20 20 20 20 20 20 20 20 20 20 20 20 20 
30 20 20 20 20 20 20 20 20 30 30 20 20 20 20 20 20 30 20 20 20 20 30 20 20 20 
30 20 30 20 20 20 20 20 20 40 30 20 20 20 20 20 20 20 20 30 20 20 20 30 20 20 
40 20 30 20 20 20 20 20 30 40 30 20 20 20 20 20 20 20 20 20 20 20 20 20 20 20 
20 30 30 20 20 20 20 20 20 40 30 20 20 20 20 20 20 20 20 20 20 20 30 20 20 20 
30 20 30 20 20 20 30 20 20 30 20 30 20 20 20 20 20 20 20 20 20 20 20 20 20 20 
30 20 30 20 20 20 20 20 30 40 30 20 20 20 20 20 20 20 20 20 20 20 20 20 30 20 
30 20 20 20 20 20 20 20 20 40 30 20 20 20 20 20 20 20 20 20 20 20 20 20 20 20 
30 20 30 20 20 20 20 20 20 40 30 20 20 20 20 20 20 20 20 20 20 20 20 20 20 20 
30 20 20 20 20 20 20 30 20 40 30 20 20 20 20 30 20 20 20 20 20 20 20 20 20 20 
30 20 30 20 20 20 20 20 20 40 30 20 20 20 20 20 20 20 20 20 20 20 30 20 20 30 
40 20 30 20 20 20 20 20 20 40 30 20 20 20 20 20 20 20 20 20 20 20 20 30 20 20 
30 20 20 20 20 20 20 20 30 40 30 20 20 20 20 20 20 20 20 20 20 20 20 20 20 20 
20 20 20 20 20 20 20 30 20 40 30 20 20 20 20 20 20 20 30 20 20 20 20 20 20 20 
20 20 30 20 20 20 20 20 20 30 30 20 20 20 20 30 20 20 30 20 20 20 20 20 20 20 
30 30 20 20 20 20 20 20 20 40 30 20 30 20 20 20 30 20 20 20 20 20 30 20 20 30 
30 20 30 20 20 20 20 20 20 40 30 20 20 20 20 20 20 20 20 20 20 20 20 20 20 20 
30 20 30 20 20 20 20 20 20 40 30 20 20 20 20 20 20 20 20 30 20 20 20 20 20 20 
30 20 30 20 20 30 20 20 20 40 30 20 20 20 20 20 20 20 20 20 20 20 20 20 20 20 
40 20 30 30 20 20 20 30 20 30 30 20 20 20 20 20 20 20 20 20 20 30 30 20 20 20 
20 20 30 20 20 20 20 20 20 40 30 20 20 20 20 20 20 30 20 20 20 20 20 20 20 20 
30 20 30 30 20 20 20 20 20 40 30 30 20 20 20 20 20 20 20 20 20 30 30 20 20 20 
30 30 30 20 20 20 20 20 20 40 30 20 20 20 20 20 20 20 20 20 20 30 20 20 20 20 
30 30 30 30 20 20 20 20 20 30 30 30 20 20 20 20 30 20 20 20 20 20 20 20 20 20 
30 20 30 30 20 20 20 30 20 30 30 20 20 20 20 20 30 20 20 30 20 20 20 20 20 20 
30 20 30 20 20 30 20 20 20 40 30 20 20 20 20 20 20 20 20 20 20 20 20 20 20 20 
30 20 20 20 20 30 20 20 20 40 30 20 20 20 20 20 20 20 20 20 20 20 20 20 20 20 
40 20 30 30 20 20 20 20 20 40 30 20 20 20 30 30 20 20 20 20 30 20 20 20 20 20 
30 20 30 30 20 20 20 20 20 40 30 20 20 20 20 20 30 20 20 20 20 20 20 20 20 20 
19 20 30 20 20 20 20 20 30 40 30 20 30 20 20 20 20 20 20 20 20 20 20 20 20 20 
20 20 30 20 20 20 20 20 20 40 30 20 20 20 20 20 20 20 20 20 20 30 20 20 20 20 
30 20 30 20 20 20 20 20 20 40 30 20 20 20 20 20 20 20 20 20 20 30 20 20 20 20 
30 20 30 20 20 20 20 20 20 40 30 20 20 20 20 20 20 20 20 20 30 20 20 20 20 20 
30 20 30 20 20 20 20 20 20 30 30 20 20 20 20 20 20 20 20 20 30 20 30 20 20 20 
30 20 30 20 20 20 20 20 20 40 30 20 20 20 20 20 20 20 20 20 20 20 20 20 20 30 
30 20 20 20 20 20 20 20 20 40 30 20 20 20 20 20 20 30 20 20 20 20 20 30 20 20 
30 20 30 20 30 30 20 20 20 40 30 20 20 20 20 20 20 20 20 20 20 20 20 20 20 20 
30 20 30 20 30 20 30 20 20 30 30 30 20 20 20 30 20 20 20 20 20 20 30 20 20 30 
30 20 30 20 30 20 30 20 20 30 30 30 20 20 20 30 20 20 30 20 20 20 30 20 20 30 
30 20 30 20 20 30 20 20 20 40 30 20 20 30 30 20 20 20 20 20 20 20 20 20 20 20 
30 20 20 20 20 20 20 20 20 40 30 20 20 20 20 20 20 20 20 20 20 20 20 20 20 20 
30 20 30 20 20 20 20 20 20 40 30 20 20 20 20 20 20 20 20 20 20 20 20 20 20 20 
30 20 30 30 20 20 20 20 20 40 30 30 20 20 20 20 30 30 20 20 20 20 20 20 20 20 
40 20 30 20 20 20 20 30 20 40 30 20 20 30 20 30 20 20 20 20 20 20 20 20 20 20 
30 20 20 20 20 20 20 20 20 40 30 20 30 20 20 20 20 20 20 20 20 20 20 20 20 20 
20 20 30 20 20 20 20 20 20 40 30 20 20 20 20 20 20 20 20 20 20 20 20 20 20 20 
30 20 30 20 20 20 20 20 20 40 30 20 20 20 20 20 20 20 20 30 20 20 20 20 30 20 
30 20 30 20 20 20 20 20 20 40 30 20 20 20 20 20 30 20 20 20 20 20 20 20 20 20 
30 20 30 20 20 20 20 20 20 40 30 20 20 20 20 20 20 20 20 20 20 20 20 20 20 20 
20 20 30 20 20 20 20 20 30 40 30 20 20 20 20 20 20 20 20 20 20 20 20 20 20 20 
30 20 30 20 20 20 20 20 20 40 30 20 20 20 20 20 20 20 20 20 20 20 20 20 30 20 
40 20 30 30 20 20 20 20 20 30 30 30 20 20 20 20 20 20 20 20 30 20 20 20 20 20 
30 20 30 30 20 20 20 20 20 40 30 20 20 20 20 20 20 20 20 20 20 20 20 20 20 20 
30 30 30 20 20 20 30 20 20 40 30 20 20 20 20 20 20 20 20 20 20 20 20 20 20 20 
30 20 30 20 20 20 20 20 20 40 30 20 20 20 20 20 20 20 20 20 20 20 20 20 30 20 
30 20 30 20 20 20 20 20 20 40 30 20 20 20 20 20 30 20 20 20 20 20 20 20 20 20 
20 20 30 20 20 20 20 20 20 40 30 20 20 20 20 20 20 20 20 30 20 20 20 20 20 20 
30 20 30 20 20 20 20 20 20 40 30 20 20 20 20 30 20 20 20 20 20 20 20 20 30 20 
30 20 30 30 20 20 20 20 20 30 30 30 20 20 20 30 20 20 30 20 20 20 20 20 20 20 
40 20 20 20 20 20 20 20 20 40 30 20 20 20 20 20 20 20 20 20 30 20 20 20 20 20 
30 20 30 20 20 20 20 20 20 40 30 20 20 20 20 20 20 20 20 20 20 20 20 20 20 20 
30 20 30 20 20 20 20 20 20 40 30 20 20 20 20 20 20 20 20 20 20 20 20 20 30 20 
30 20 30 20 20 20 20 20 20 40 30 20 20 20 20 20 20 20 20 30 20 20 20 20 20 20 
30 20 20 20 20 20 20 20 20 40 30 20 20 20 20 20 20 20 20 20 20 30 30 20 20 30 
30 20 30 20 20 20 20 20 20 40 20 30 20 20 20 20 20 30 20 20 20 20 20 20 20 20 
30 20 30 20 20 20 20 20 20 40 30 20 20 20 20 20 20 30 20 20 20 20 20 20 20 20 
30 20 30 20 20 20 20 20 20 40 30 20 20 20 20 20 20 20 20 20 20 20 20 20 20 20 
40 20 30 20 20 20 30 20 20 30 20 20 20 20 20 20 20 20 20 20 20 20 20 20 20 20 
30 20 30 20 20 20 20 20 20 40 30 20 30 20 20 20 30 30 20 20 20 20 30 20 20 30 
30 30 30 20 20 20 20 30 20 30 30 20 20 30 20 30 20 20 30 20 20 20 20 20 20 30 
30 20 20 20 20 20 20 20 20 40 30 20 20 20 20 20 20 20 20 20 20 20 20 20 20 20 
30 20 30 20 30 20 20 20 20 40 30 20 20 20 20 20 20 20 20 20 20 20 20 20 30 20 
30 20 30 20 30 20 20 30 20 30 20 20 20 20 20 20 20 20 20 20 20 20 20 20 20 20 
30 20 30 30 20 20 20 20 20 40 30 20 20 20 20 20 20 20 20 20 20 30 30 20 20 20 
30 20 30 20 20 20 20 20 20 30 30 20 20 20 20 20 20 20 20 30 20 20 30 20 20 20 
40 20 30 20 20 30 20 20 20 40 30 20 20 20 20 20 20 20 20 20 20 20 20 20 30 20 
30 20 30 20 20 20 20 20 20 40 30 30 20 20 20 20 20 30 20 20 20 20 20 20 20 20 
30 20 30 30 20 20 20 30 20 30 30 20 30 20 20 20 20 20 20 30 20 20 20 20 20 20 
20 20 30 20 20 30 30 20 20 40 30 20 20 20 20 20 20 20 20 20 20 20 20 20 30 20 
20 20 20 20 20 20 20 20 20 40 30 20 20 30 20 30 20 20 20 20 20 20 20 20 20 20 
20 20 30 20 20 20 30 30 20 30 30 30 20 20 20 20 20 30 20 20 20 20 20 20 20 20 
30 30 30 20 20 20 20 20 20 40 30 20 20 20 20 20 20 20 20 20 20 20 20 20 20 20 
20 20 30 20 20 20 30 20 20 30 30 30 20 20 20 20 30 30 20 20 20 20 20 20 20 20 
40 20 30 20 30 30 20 20 20 40 30 20 20 20 20 20 30 20 20 30 20 20 20 20 20 20 
30 20 30 20 20 20 20 20 20 40 30 20 30 20 20 20 20 20 20 20 20 30 20 20 20 30 
30 20 30 20 20 20 20 30 20 30 20 20 20 20 20 20 20 20 20 30 20 20 20 20 20 20 
30 20 30 20 20 20 20 20 20 40 30 20 30 20 20 20 20 20 20 20 20 30 20 20 20 20 
30 20 20 20 20 20 30 30 20 30 20 30 20 20 20 20 20 20 20 20 20 20 20 20 20 20 
20 20 30 20 20 20 20 20 20 30 30 20 20 20 20 20 20 20 20 20 20 20 20 20 20 30 
30 20 20 20 20 20 20 20 20 30 30 30 20 20 20 20 20 20 20 20 20 20 20 30 20 20 
30 20 30 20 20 20 20 20 20 40 30 20 20 20 20 20 20 20 20 30 20 20 20 20 20 20 
40 20 30 20 20 20 20 20 20 40 30 20 20 20 30 20 20 20 20 20 20 20 20 20 20 20 
30 30 30 20 20 20 30 20 20 30 30 30 20 20 20 20 20 20 20 20 20 20 20 20 20 20 
20 20 30 20 30 20 20 20 20 30 30 30 30 20 20 20 20 20 20 20 20 30 20 20 20 20 
20 20 30 20 20 20 20 20 20 30 30 20 20 20 20 20 20 20 20 20 20 20 30 20 20 20 
30 20 30 20 20 20 20 20 20 40 30 20 20 20 20 20 20 20 30 20 20 20 20 20 20 20 
30 20 30 20 20 20 20 20 20 30 30 20 20 20 20 20 20 20 20 20 20 30 20 20 20 20 
20 20 30 20 30 20 20 20 20 40 30 20 30 20 20 20 20 20 20 20 20 20 30 20 20 20 
30 20 30 20 20 20 20 20 20 30 30 20 20 20 20 20 20 20 20 20 20 20 20 20 20 20 
40 20 30 20 20 20 20 30 20 30 30 20 20 20 30 30 20 20 20 20 20 30 20 20 20 20 
30 20 30 30 20 20 20 20 30 40 30 20 20 20 20 20 20 20 20 30 20 20 20 20 20 20 
20 20 30 20 20 20 20 20 20 40 30 20 20 20 20 20 20 20 20 20 20 20 20 20 20 20 
30 20 30 20 20 20 20 20 20 40 30 20 20 20 20 20 20 20 20 20 20 20 20 30 20 20 
30 20 30 20 20 20 20 20 20 40 30 20 20 20 20 20 20 30 20 20 20 20 20 30 20 20 
20 20 30 30 20 20 20 20 20 30 30 20 20 20 20 20 20 20 20 20 20 20 20 20 20 30 
20 20 20 20 20 20 20 20 20 40 30 30 20 20 20 20 20 20 20 20 20 20 20 20 20 20 
20 20 30 20 30 30 20 20 20 30 30 20 20 20 20 20 30 30 20 20 20 20 30 20 20 30 
30 20 30 20 30 20 20 30 20 30 30 20 20 20 30 30 20 20 30 20 20 20 20 20 30 20 
20 20 30 20 20 20 20 20 20 40 30 20 20 20 20 20 20 20 20 20 20 20 20 20 20 20 
30 30 30 20 20 20 20 20 20 40 30 20 20 20 20 20 20 20 20 20 20 20 20 30 20 20 
20 20 20 20 20 20 20 20 20 40 30 20 20 20 20 20 20 20 20 20 20 20 20 20 30 20 
20 20 30 20 20 20 20 20 20 40 30 20 30 20 20 20 30 20 20 20 20 30 30 20 20 20 
30 20 30 30 20 20 20 20 20 40 30 20 20 20 20 20 20 20 20 20 20 20 20 30 20 20 
20 20 30 20 20 20 20 20 30 40 30 20 20 20 20 20 20 20 20 20 20 20 20 20 20 20 
20 20 30 20 20 20 20 20 20 40 30 20 20 30 30 30 20 20 20 20 20 20 20 20 20 20 
40 20 30 20 20 20 20 20 20 40 30 20 20 20 20 20 20 20 20 20 20 20 20 20 20 20 
20 20 30 20 20 30 30 20 20 30 30 20 20 20 20 20 20 20 20 20 30 20 20 20 20 20 
30 20 30 20 20 20 20 20 20 40 30 20 20 20 20 20 20 30 20 20 20 20 20 30 20 20 
30 20 30 30 20 20 20 20 20 40 30 20 20 20 20 20 20 20 20 30 20 20 20 20 20 20 
30 30 30 20 30 20 20 20 20 40 30 20 20 20 20 20 20 30 20 30 20 20 20 20 20 20 
30 20 30 20 30 20 20 20 20 40 30 20 20 20 20 20 20 20 30 20 30 20 20 30 20 20 
30 20 30 20 20 30 20 20 20 30 30 20 20 20 20 20 20 20 20 20 20 20 20 20 30 20 
30 20 30 20 20 20 20 20 20 40 30 20 20 20 20 20 20 20 20 20 20 20 20 20 20 20 
30 20 30 30 20 20 20 20 20 40 30 20 20 20 20 20 30 20 20 20 20 20 20 20 20 20 
20 20 30 20 20 20 20 20 20 30 30 20 20 20 20 30 20 20 30 20 20 20 20 20 20 20 
30 20 30 30 20 20 20 30 20 40 20 20 20 20 20 20 20 20 20 20 20 20 20 20 20 20 
20 20 20 20 20 20 20 20 20 30 30 20 20 20 20 30 20 20 20 20 20 20 20 20 20 20 
30 20 30 20 20 20 20 20 30 40 30 20 30 20 20 20 30 20 20 20 20 20 20 20 20 20 
20 20 30 30 20 20 20 20 20 40 30 20 30 20 20 20 20 20 20 20 20 30 20 20 20 20 
30 20 30 30 20 20 20 20 20 40 30 20 20 30 30 30 20 20 20 20 20 20 20 20 20 20 
40 20 30 30 20 20 20 20 20 40 30 20 20 30 20 20 20 20 20 20 20 20 20 20 30 20 
40 20 30 20 30 20 20 20 20 40 30 20 20 20 20 20 30 20 20 20 20 20 20 20 20 20 
30 20 30 20 20 20 20 20 20 30 30 20 20 20 20 20 20 20 30 20 20 20 20 20 20 20 
30 30 30 20 20 30 20 20 20 30 20 20 20 20 20 20 20 20 20 20 20 20 20 20 20 20 
30 20 30 20 20 20 20 20 20 40 30 20 20 30 20 20 20 20 20 20 20 20 20 20 20 20 
30 20 20 20 20 20 20 20 20 40 30 20 20 20 20 20 20 30 20 20 20 20 20 30 20 20 
30 20 30 20 20 20 20 20 20 40 30 20 20 20 20 20 20 20 20 20 20 20 20 20 20 20 
30 20 20 20 20 20 20 20 20 40 30 20 20 20 20 20 20 20 20 20 20 30 30 20 20 20 
30 20 20 20 20 20 20 20 20 30 30 20 20 20 20 20 20 20 20 20 20 30 20 20 20 30 
40 20 20 20 20 20 20 20 20 40 30 20 20 30 30 20 20 20 20 20 20 20 20 20 30 20 
20 30 30 20 30 20 20 20 20 40 30 30 20 20 20 30 20 20 30 20 20 30 20 20 20 20 
30 20 30 20 20 20 20 20 20 40 30 20 20 20 20 20 20 20 20 20 20 20 20 20 30 20 
30 20 20 20 20 30 30 30 20 40 20 20 20 20 20 30 20 20 30 20 20 20 20 20 20 20 
30 20 30 20 20 20 20 20 20 30 30 20 20 20 20 30 20 20 20 20 20 20 20 20 20 20 
20 20 20 20 20 30 20 20 20 30 30 30 20 20 20 20 20 20 20 20 20 20 20 20 20 20 
30 20 30 20 20 20 20 20 20 40 30 20 20 20 20 20 20 20 20 30 20 20 20 20 20 20 
30 20 30 20 30 20 20 20 20 40 30 20 20 20 20 20 20 20 20 20 20 20 20 20 20 20 
40 20 30 20 20 20 20 20 20 40 30 20 20 20 20 20 20 20 20 20 20 30 30 20 20 20 
20 20 30 30 20 20 20 20 20 40 30 20 20 20 20 20 20 20 20 20 30 20 20 20 20 20 
30 20 30 20 20 20 20 20 20 40 30 20 20 20 20 20 20 20 20 20 20 20 20 20 30 20 
30 20 30 30 20 20 20 20 20 40 30 20 20 20 20 20 20 20 20 20 20 20 20 30 20 20 
30 20 30 20 20 20 30 20 20 30 30 30 20 20 20 20 30 20 20 20 20 20 20 30 20 20 
30 20 30 20 20 30 30 20 20 30 30 20 20 20 20 20 20 20 20 20 20 20 20 20 20 30 
20 30 20 20 20 20 30 20 20 30 30 30 20 20 30 30 20 20 20 20 20 20 20 20 20 20 
20 20 30 30 20 20 20 20 20 40 30 20 20 20 20 20 20 20 20 30 20 20 20 20 20 20 
40 20 30 30 20 20 20 20 20 40 30 20 20 20 20 20 30 20 20 20 20 20 20 20 20 20 
30 20 30 20 20 20 20 20 20 40 30 20 20 20 20 20 20 20 20 20 20 30 30 20 20 30 
20 20 30 20 20 20 20 20 20 40 30 20 20 20 20 20 20 20 20 20 20 20 20 20 20 20 
30 20 20 20 20 30 30 20 20 30 30 20 20 20 20 20 20 20 20 20 20 20 20 20 20 20 
30 20 30 30 20 20 20 20 20 40 30 20 20 20 20 20 20 20 20 20 20 30 20 20 20 20 
30 20 20 20 20 20 20 20 20 30 30 20 20 20 20 20 20 20 20 20 20 20 20 20 20 20 
20 20 30 30 20 20 30 20 30 40 30 20 20 20 20 20 20 20 20 20 20 20 20 20 20 20 
40 20 30 20 20 20 20 20 20 40 30 20 20 20 20 20 20 20 20 20 20 20 20 20 20 20 
20 20 30 20 20 20 20 20 20 40 30 20 30 20 20 20 20 20 20 20 20 20 20 20 20 20 
30 30 30 20 20 20 30 20 20 30 30 30 20 20 20 20 20 20 30 20 20 20 20 20 20 30 
30 20 30 20 20 20 20 20 20 40 30 20 20 20 20 20 20 20 20 20 30 20 30 20 20 20 
30 20 30 30 20 20 20 20 30 40 30 20 20 20 20 20 20 20 20 20 20 20 20 20 30 20 
30 20 30 20 20 20 20 20 20 40 30 20 20 20 20 30 20 20 20 20 20 20 20 20 30 20 
30 20 30 20 30 20 20 20 20 40 30 20 20 20 20 20 20 20 20 20 20 20 20 20 20 30 
20 20 30 20 20 30 20 20 20 40 30 20 20 20 20 20 20 30 20 20 20 30 30 20 20 20 
30 30 30 20 20 20 20 20 20 30 30 30 20 20 20 20 20 20 20 20 30 20 20 20 20 20 
30 20 30 30 30 30 20 20 20 40 30 20 20 20 30 30 20 30 20 20 20 20 20 20 20 20 
30 30 30 30 30 20 20 20 20 40 30 20 30 20 20 20 20 20 20 30 20 20 20 20 20 20 
30 20 30 20 20 20 20 20 20 30 30 20 20 20 20 20 20 20 20 20 20 20 20 20 20 20 
30 20 30 30 20 20 20 20 30 40 30 20 20 20 20 30 20 20 20 20 20 20 20 20 30 20 
30 20 30 20 20 20 20 20 20 40 30 20 20 20 20 20 20 20 20 20 20 20 20 20 30 20 
30 20 30 20 20 20 20 20 20 40 30 20 20 30 20 20 20 20 20 20 20 20 20 30 20 30 
30 20 30 20 20 20 30 20 20 40 30 20 20 20 20 20 20 20 20 20 20 20 20 20 20 20 
30 20 30 20 20 20 20 30 20 30 30 20 20 20 30 20 20 20 20 30 20 20 20 20 30 20 
30 20 30 20 20 20 20 30 20 40 30 20 20 30 20 20 20 20 20 20 30 20 20 20 20 20 
30 20 30 30 20 20 30 20 20 40 30 20 30 20 20 20 20 20 20 20 20 20 20 20 30 20 
30 20 30 20 20 20 20 20 30 40 30 20 20 20 20 20 20 20 20 20 20 20 20 20 20 20 
30 20 30 20 20 30 20 20 20 40 20 20 20 20 20 20 20 20 20 20 20 30 20 20 20 20 
30 20 30 20 20 20 20 20 20 30 20 20 20 20 20 20 20 20 20 20 20 20 20 20 20 20 
30 20 30 20 20 20 20 20 20 40 30 20 30 20 20 20 20 20 20 20 20 20 20 20 20 20 
20 20 30 20 20 20 20 20 20 40 30 20 20 20 20 20 20 20 20 20 20 20 20 20 20 20 
30 20 20 20 20 20 20 30 20 40 30 20 30 20 20 20 30 20 20 20 20 20 20 30 20 20 
40 30 20 20 20 20 20 20 20 40 30 20 20 20 20 20 20 20 30 20 20 30 20 20 20 20 
30 20 30 20 20 20 20 20 20 40 30 20 30 20 20 20 30 20 20 20 20 20 20 20 20 20 
30 20 30 30 20 20 20 20 20 40 20 20 20 20 20 20 20 20 20 20 20 30 30 20 30 20 
30 20 30 30 20 20 20 20 20 40 30 30 20 20 20 20 20 20 20 20 30 20 20 20 20 20 
30 20 30 30 20 20 20 20 20 40 20 20 20 20 20 20 20 20 20 20 20 30 30 20 20 20 
30 20 30 20 20 20 20 20 20 40 30 20 20 20 20 20 20 20 20 20 20 20 20 20 20 20 
30 20 30 20 20 20 20 20 20 40 30 20 20 20 20 20 20 20 20 20 20 20 20 20 30 30 
30 20 20 30 20 20 30 20 20 40 30 20 20 20 20 20 30 20 20 20 20 20 20 20 20 20 
40 20 30 20 20 20 20 20 20 40 30 20 20 20 20 20 30 20 20 20 20 20 20 20 20 20 
30 20 30 20 20 20 20 30 20 40 30 20 20 20 20 20 20 20 20 30 20 20 20 20 20 20 
30 20 30 30 20 20 20 20 20 40 30 20 20 20 20 20 20 20 20 20 20 30 30 20 30 20 
30 20 30 20 20 30 30 20 20 40 20 30 20 20 20 20 20 20 30 20 20 20 30 30 20 20 
30 20 30 20 20 20 20 20 20 40 30 20 20 20 20 20 20 30 20 20 20 20 20 20 20 20 
20 20 30 20 20 20 30 20 20 40 20 20 20 20 20 20 20 20 30 20 20 20 20 20 20 20 
30 20 30 30 20 30 20 20 20 40 20 20 20 20 20 20 20 20 20 20 20 20 20 20 20 20 
30 20 30 30 20 20 20 20 20 40 30 20 20 20 20 30 20 20 20 20 20 20 20 20 20 20 
40 20 30 20 20 20 20 20 20 40 30 30 20 20 20 20 20 20 30 20 20 20 20 20 20 20 
20 20 30 30 20 20 20 20 20 40 30 30 30 20 20 20 20 30 20 20 20 20 20 20 20 20 
20 20 30 30 20 20 20 20 20 30 20 20 20 20 20 20 20 20 20 20 20 20 20 20 20 20 
20 20 30 30 20 20 20 30 20 30 30 20 20 30 20 20 20 20 20 20 20 20 20 20 20 20 
30 20 30 20 20 20 20 20 20 40 30 20 20 20 20 20 20 20 20 20 20 30 20 20 30 20 
30 20 30 20 20 20 20 20 20 30 30 30 20 20 30 20 20 20 20 20 30 20 20 20 20 20 
20 20 30 20 20 20 20 20 20 30 30 20 20 20 20 20 20 20 20 20 20 30 30 20 30 20 
30 30 20 20 20 20 20 20 30 30 30 20 20 30 20 30 20 20 20 30 20 20 20 20 20 20 
40 20 20 20 30 20 20 20 20 40 30 20 30 20 20 20 20 20 20 20 20 20 20 20 30 20 
30 20 30 20 20 30 20 20 20 40 30 20 20 20 20 20 20 20 20 20 20 20 20 20 20 20 
30 20 30 30 30 20 20 20 20 30 30 20 20 20 20 20 30 20 20 20 20 20 20 20 20 20 
30 20 30 20 20 20 20 20 20 30 30 20 20 20 20 20 20 20 20 20 20 20 20 20 20 20 
30 20 30 20 20 20 20 20 20 40 30 20 20 20 20 20 20 20 20 20 20 20 20 30 20 20 
30 20 30 20 20 20 20 20 20 40 30 30 30 20 20 20 30 20 20 20 20 20 20 20 20 20 
30 20 30 20 20 20 20 20 20 30 30 20 20 20 20 20 20 20 20 20 20 20 20 20 20 20 
30 20 30 20 20 20 20 20 30 30 30 20 20 20 20 20 20 20 30 20 20 20 20 20 20 20 
40 30 20 20 20 20 20 30 20 40 30 20 20 20 20 30 20 20 20 20 20 20 20 20 20 20 
30 20 30 20 20 20 20 20 20 40 30 30 30 20 20 20 20 20 30 20 20 20 20 30 20 20 
30 30 30 30 20 30 20 20 20 40 30 20 20 30 30 20 20 20 20 20 20 20 20 20 20 20 
30 20 30 30 20 30 30 20 20 40 20 20 20 20 20 20 20 20 20 20 20 20 20 20 20 20 
30 20 30 20 20 20 20 20 30 30 20 20 20 30 20 30 20 20 20 30 20 20 20 20 20 20 
20 20 30 30 20 20 20 20 20 40 30 20 20 20 20 20 20 20 20 20 20 20 20 20 20 20 
20 20 30 20 20 20 20 20 20 40 30 30 20 20 20 20 20 20 20 20 20 20 20 20 20 20 
30 20 20 20 20 20 20 20 20 40 30 20 20 20 20 30 20 20 20 20 20 30 30 20 30 20 
30 20 30 20 20 30 20 20 20 30 20 20 30 20 20 20 20 20 20 20 20 20 20 20 20 20 
20 20 30 30 20 20 20 20 20 30 30 20 20 30 20 20 20 20 20 20 20 20 20 30 20 20 
30 20 30 20 20 20 20 20 20 40 30 20 20 20 20 20 20 20 20 20 30 20 20 20 20 20 
30 20 20 30 20 20 30 20 20 40 30 20 20 20 20 20 20 20 20 20 20 20 20 20 20 20 
30 20 30 20 20 20 20 20 20 30 30 20 20 30 20 20 20 20 20 20 30 20 20 20 20 30 
30 20 20 20 20 20 20 20 20 40 30 20 20 20 20 20 20 20 20 20 20 20 20 20 20 20 
20 20 30 30 30 20 20 20 20 30 30 20 20 30 20 30 20 20 20 30 20 20 20 20 20 20 
30 20 20 20 20 30 20 20 20 40 30 20 20 20 20 20 20 20 20 20 20 30 20 20 20 20 
40 20 30 20 20 20 20 20 20 40 20 20 20 30 20 20 20 20 20 20 20 20 20 20 20 20 
30 20 30 20 20 20 20 20 20 40 20 20 20 20 20 20 20 30 20 20 30 20 30 20 20 20 
30 20 30 20 20 20 20 20 20 40 20 20 20 20 20 20 20 20 20 20 20 20 20 20 30 20 
30 20 30 20 20 20 20 20 20 40 30 20 20 20 20 20 20 20 20 20 20 30 20 20 30 20 
30 20 30 20 30 20 20 20 20 30 30 30 20 20 20 20 20 20 20 20 20 20 20 20 20 30 
30 20 30 30 20 20 20 20 20 40 30 20 20 20 20 20 20 20 20 20 20 30 20 20 30 20 
30 20 30 20 20 20 20 20 20 40 30 20 20 20 20 20 30 20 20 20 20 30 20 30 20 20 
30 20 20 20 20 20 20 20 20 40 30 20 20 20 20 20 20 20 20 20 20 20 30 30 20 20 
40 20 30 30 20 20 20 20 30 40 30 20 20 20 20 20 20 20 20 20 20 30 20 20 20 20 
20 20 30 20 20 20 20 20 20 30 30 30 20 30 20 20 20 20 20 20 20 20 20 20 20 20 
30 20 30 20 20 30 20 20 30 40 30 20 20 20 20 20 20 30 30 20 20 20 20 20 20 20 
20 30 20 20 20 20 20 20 20 40 30 20 20 20 20 20 20 20 30 20 20 20 20 30 20 20 
30 20 30 30 20 20 30 20 20 30 30 20 20 20 20 20 30 30 20 20 20 20 20 20 20 20 
30 20 20 30 20 20 20 20 20 30 20 20 20 20 20 20 20 20 20 20 20 30 20 20 20 20 
30 20 30 30 20 20 20 30 20 40 30 20 20 20 20 20 20 20 20 20 20 20 20 30 30 20 
20 20 20 20 20 20 20 20 20 40 30 20 20 30 20 20 20 20 20 20 20 20 20 20 20 20 
40 20 30 30 20 20 20 20 20 40 30 20 20 20 20 20 20 20 20 20 20 20 30 20 20 20 
30 20 20 20 20 20 20 20 30 40 30 20 20 20 20 20 20 20 20 20 20 20 20 20 20 20 
20 20 30 30 20 20 20 20 20 40 30 20 20 20 20 20 30 20 20 20 30 20 20 30 20 20 
30 20 30 20 20 20 20 20 20 40 20 20 20 30 20 20 20 20 20 20 20 20 20 20 20 20 
30 20 30 20 30 20 20 20 20 30 30 20 20 30 20 20 20 20 20 20 20 20 20 20 20 20 
30 20 30 20 20 20 20 20 30 40 30 20 20 20 20 20 20 20 20 30 20 20 20 20 20 20 
30 20 30 20 20 20 20 20 20 40 30 20 20 20 20 20 20 30 30 20 20 20 20 30 20 20 
20 20 30 30 20 20 20 20 20 30 30 20 20 20 20 20 20 20 20 20 20 20 30 20 20 20 
40 20 30 20 20 20 20 20 20 40 20 20 20 30 20 20 20 20 20 20 20 20 20 20 20 20 
20 20 20 20 20 30 20 20 20 40 30 20 20 20 20 20 20 20 20 20 20 20 20 20 20 20 
30 20 30 30 30 20 20 20 20 40 30 20 20 20 20 20 20 20 20 20 20 20 20 20 20 30 
30 20 30 20 20 20 20 20 30 40 30 20 30 20 20 20 30 20 30 20 20 20 20 30 20 20 
30 20 30 20 20 20 20 20 20 40 30 20 20 20 20 20 20 20 20 20 20 20 20 20 20 20 
30 20 30 20 20 20 20 20 20 40 30 20 20 20 20 20 20 20 30 20 20 20 20 20 20 20 
30 20 30 20 20 20 20 20 20 40 30 30 20 20 30 20 20 20 20 20 20 20 20 20 20 20 
30 20 30 20 20 20 20 20 20 30 30 20 20 20 20 20 30 20 20 20 20 30 20 20 20 20 
40 20 30 30 20 20 20 20 20 40 20 20 20 20 30 20 30 20 20 20 20 20 20 20 20 20 
20 20 30 20 20 20 20 20 20 40 30 20 20 20 20 20 20 20 20 20 20 20 20 20 20 30 
30 20 30 30 20 20 20 20 20 30 20 20 20 20 30 30 20 20 20 20 20 20 20 20 20 20 
30 20 30 20 30 30 20 20 20 30 20 20 20 20 20 20 20 20 20 20 20 20 20 30 20 20 
20 20 20 20 20 20 20 20 20 40 30 20 20 30 20 20 20 20 20 20 20 30 20 20 20 20 
20 20 30 20 20 20 20 20 20 40 30 30 20 20 20 20 20 20 20 20 20 20 20 20 30 20 
30 30 30 20 20 20 20 20 30 40 30 20 20 20 20 20 20 20 30 20 20 30 20 20 30 20 
30 30 30 20 20 20 20 20 20 40 30 20 20 20 20 20 20 20 20 30 20 20 30 20 20 30 
40 20 30 20 20 20 20 20 20 40 30 30 20 30 30 20 20 20 20 20 20 20 20 20 20 20 
30 20 30 30 20 20 20 20 20 40 30 20 20 20 20 20 20 20 20 20 20 20 20 20 20 20 
30 20 29 20 20 30 20 20 20 40 30 20 20 20 20 20 30 30 20 20 20 20 30 30 20 20 
30 20 30 20 20 20 20 20 30 40 30 20 20 20 20 20 20 20 20 20 20 20 20 20 20 20 
30 20 30 20 20 20 20 20 30 40 30 20 20 20 20 30 20 20 20 20 20 20 20 20 20 20 
30 30 30 20 20 20 20 20 20 40 30 20 30 20 20 20 30 20 20 20 20 20 20 20 20 20 
30 20 30 20 20 20 20 20 30 40 30 20 20 20 20 20 30 20 20 20 30 20 20 30 20 20 
30 20 20 20 20 20 20 20 20 40 20 20 20 20 20 20 20 20 20 20 20 20 20 20 20 20 
40 20 30 20 20 20 20 20 20 40 30 20 20 20 20 20 20 20 30 20 20 30 20 20 20 20 
30 20 30 20 20 20 20 20 20 40 30 20 19 20 20 20 20 20 20 20 30 20 20 20 20 20 
30 20 30 30 20 20 30 20 20 30 20 20 20 20 30 20 20 20 20 20 20 20 30 20 20 20 
30 20 30 30 30 20 20 20 20 40 30 20 20 30 20 20 20 20 20 20 20 20 20 20 20 20 
20 20 30 30 30 30 20 20 30 40 30 20 20 20 20 20 20 20 20 20 20 20 20 20 20 20 
30 20 30 20 20 20 20 20 20 40 30 20 30 20 20 20 30 20 20 20 20 20 20 20 20 20 
20 20 30 20 20 30 20 20 30 40 30 20 20 20 20 20 20 20 20 30 20 20 20 20 20 20 
20 20 30 30 30 30 20 20 20 40 30 20 20 20 20 20 30 20 20 20 20 20 20 20 20 20 
40 20 30 30 20 20 20 20 20 40 30 20 20 20 20 20 20 20 20 20 20 30 20 20 20 20 
20 20 30 20 20 30 20 20 20 40 30 20 20 20 20 20 30 20 20 30 20 20 30 20 30 20 
20 20 30 20 20 20 20 30 20 30 30 30 20 20 20 20 20 20 20 20 20 20 20 20 20 20 
30 20 30 20 20 20 20 20 20 40 30 20 20 20 20 20 30 20 20 20 30 20 30 20 20 20 
20 20 30 20 20 20 20 20 20 30 30 20 20 30 20 20 20 20 30 20 20 20 30 20 20 20 
30 20 20 30 20 20 20 20 30 40 30 20 30 20 20 20 20 20 20 30 20 20 20 20 20 20 
30 20 30 20 20 20 20 20 20 30 20 20 20 20 20 20 20 20 20 20 20 20 20 20 20 20 
20 20 30 20 20 20 20 20 20 40 20 20 20 20 20 20 20 20 20 20 20 20 20 20 20 30 
40 20 30 20 20 20 20 20 20 30 30 20 20 20 20 20 20 20 20 20 20 20 20 20 20 20 
20 20 30 20 20 20 20 20 20 40 30 20 20 20 20 20 20 20 20 20 20 20 20 20 20 20 
20 20 30 20 20 20 20 20 20 30 30 30 20 30 30 30 20 20 20 20 20 20 20 20 20 20 
30 20 30 20 20 20 20 20 20 40 30 20 20 20 20 20 20 30 20 20 20 20 20 20 20 30 
20 20 30 20 20 20 20 20 20 40 30 20 20 20 20 20 20 30 20 20 30 20 20 30 20 20 
20 20 30 20 20 20 20 30 20 30 20 20 20 20 20 20 20 20 20 20 20 20 20 20 20 20 
30 30 30 20 20 20 30 20 20 30 20 20 20 20 20 20 20 20 20 20 20 20 20 20 20 20 
30 20 30 20 20 20 20 20 20 40 30 20 20 30 30 30 20 20 20 20 20 20 20 20 20 20 
40 20 30 20 20 20 20 20 20 40 30 20 20 20 20 20 20 20 20 20 20 20 20 20 20 20 
30 20 30 20 30 20 20 20 20 40 30 20 20 20 20 20 20 20 20 30 20 20 20 20 20 20 
20 20 30 30 30 30 20 20 20 40 30 20 20 20 20 20 30 30 20 20 30 20 30 30 20 20 
20 20 20 20 20 20 20 20 20 30 20 20 20 20 20 20 20 20 20 20 20 20 20 20 20 20 
30 20 20 20 20 20 20 20 20 40 30 20 20 20 20 20 20 20 30 20 20 30 20 20 20 20 
30 30 20 30 20 20 20 20 20 40 30 20 20 30 30 20 20 20 20 20 20 20 20 20 30 20 
30 20 30 20 20 20 30 20 20 40 30 20 20 20 20 20 20 20 20 20 20 20 20 30 30 20 
20 20 20 20 20 20 20 20 20 30 30 30 20 20 20 20 20 20 20 20 20 20 20 20 20 20 
40 20 30 20 20 20 20 30 20 30 20 20 20 20 20 20 20 20 30 20 20 20 20 20 20 20 
30 20 30 20 20 20 20 20 20 30 30 20 20 20 20 20 20 20 20 20 20 20 20 20 30 20 
30 20 30 30 20 20 20 20 20 40 30 20 20 30 30 30 20 20 20 30 20 20 30 20 20 20 
30 20 30 30 30 30 20 20 30 40 30 20 20 20 20 20 20 20 20 20 20 20 20 20 20 20 
30 20 30 20 20 20 20 20 20 30 30 20 20 20 20 20 20 20 20 20 20 20 20 20 20 20 
30 20 20 20 20 20 20 20 20 40 30 20 20 20 20 20 20 30 30 20 30 20 20 30 20 20 
30 20 30 20 20 20 30 30 20 30 30 20 20 20 20 20 20 20 20 20 20 20 20 30 20 20 
20 20 30 20 20 20 20 20 20 40 30 30 20 20 20 20 20 20 20 20 20 20 20 20 20 20 
40 20 20 20 20 20 20 20 20 30 20 20 20 30 30 30 20 20 20 20 20 20 20 20 20 20 
20 20 30 20 20 20 20 20 20 40 30 20 20 20 20 20 20 20 20 20 20 20 20 20 20 20 
30 20 30 20 20 20 30 20 20 40 30 20 20 20 20 20 20 30 30 20 30 20 30 20 20 20 
30 20 20 20 20 20 30 20 20 40 30 20 20 20 20 20 20 20 20 20 20 20 20 20 20 20 
30 20 30 20 20 20 20 20 20 40 30 20 20 20 20 20 30 30 20 20 30 20 30 30 20 20 
40 20 20 20 20 20 20 20 20 40 30 20 20 20 20 30 20 20 20 20 20 20 20 20 20 20 
30 20 30 30 20 20 20 20 20 40 30 20 20 20 20 20 30 20 20 20 20 20 20 20 20 30 
20 20 30 20 20 20 20 20 20 40 30 20 20 20 20 20 20 20 20 20 20 20 20 20 20 20 
30 20 30 20 20 20 20 20 20 40 30 20 20 20 20 20 20 20 20 20 20 20 20 20 20 30 
20 20 30 20 20 20 20 20 20 40 30 20 20 20 20 20 20 20 20 20 20 20 20 20 20 30 
30 20 20 30 30 20 20 20 20 40 30 20 20 20 20 20 30 20 20 20 20 20 30 20 30 20 
20 20 20 30 20 20 20 20 20 40 30 20 30 20 20 20 20 20 20 30 20 20 20 20 20 20 
30 20 30 20 20 20 30 20 20 40 30 20 20 20 20 20 20 20 20 20 20 30 20 20 30 20 
20 20 30 20 20 30 20 20 20 30 20 20 20 30 20 20 20 20 20 20 30 20 20 20 20 20 
30 20 30 20 20 20 20 20 20 40 30 30 20 20 20 20 30 30 20 20 20 20 30 30 20 20 
30 30 20 20 20 20 20 20 20 30 30 20 20 30 30 20 20 20 20 20 20 20 20 20 20 20 
40 20 30 30 20 20 20 20 20 40 30 20 20 20 20 20 20 20 20 20 20 20 20 20 20 20 
30 20 20 20 30 20 30 30 20 40 30 20 20 20 20 30 20 20 20 30 30 20 20 20 20 20 
30 20 30 20 20 20 20 20 20 40 30 20 30 20 20 20 30 30 20 20 20 20 20 20 30 20 
30 20 30 20 30 20 30 20 20 40 30 20 20 20 20 20 30 30 20 20 20 20 20 20 30 20 
30 20 20 20 20 20 20 20 20 30 30 20 20 20 20 20 20 20 20 20 20 20 20 20 20 20 
30 20 30 20 20 20 20 20 20 30 30 30 20 20 20 20 20 20 20 20 20 20 20 20 20 20 
20 20 30 20 30 20 20 20 20 30 30 20 20 30 20 20 20 20 20 20 20 20 20 20 20 20 
30 20 30 20 20 20 20 20 20 30 30 20 20 30 30 20 20 20 30 20 20 20 20 20 20 30 
40 20 20 30 20 20 20 20 30 40 30 20 30 20 20 20 20 20 20 20 20 20 20 20 20 20 
30 20 30 20 20 20 20 20 20 30 20 20 20 20 30 20 20 20 30 20 20 20 20 20 20 30 
30 20 20 30 20 20 20 20 30 40 30 20 20 20 20 20 20 20 20 20 20 20 30 30 20 20 
30 20 30 20 20 20 20 20 20 40 20 20 20 20 20 20 20 20 20 20 20 20 20 30 20 20 
30 30 30 20 30 20 20 20 20 40 30 20 20 20 20 20 20 20 30 20 20 20 20 20 20 20 
